0.00506
0.0049
0.0049
0.0049
0.0049
176.0893
3531.032
10416.77
10049.065
3519.4128
4422.2
4996.45
6214.58
7694.97
9523.0157
14545.922
22107.37
17869.81
13157.87
10958.64
9480.3
8933.7
8737.42
5497.421
0.00503
0.0049
0.0049
0.0049
0.0049
218.8381
3562.201
10609.15
9960.549
3579.5952
3431.951
5046.564
6504.37
7730.94
8964.9435
13935.46
24740.98
21392.5
15855.337
12987.15
11038.88
10160.8
9560.45
5965.948
0.0064
0.0049
0.0049
0.0049
0.0049
252.048
3519.078
10900.95
10731.941
4472.8486
5195.166
6190.91
6998.18
8437.65
10525.3129
16319.315
25884.13
21941.7
15748.362
12426.51
10170.04
9210.5
8761.34
5491.058
0.00507
0.0049
0.0049
0.0049
0.0049
247.1011
3434.162
9583.44
7395.057
2103.5157
3422.371
5182.27
6209.47
7872.23
9765.6281
14998.85
23904.67
21026.5
15554.16
12197.84
10032.54
9205.1
8780.64
5497.636
0.00505
0.0049
0.0049
0.0049
0.0049
211.4969
3436.075
8649.74
6443.234
1674.5956
2630.8
3920.29
4765.9
6144.45
8173.9212
13359.044
20894.69
17855.27
13561.71
11336.57
10600.4
9921
8972.67
5492.022
0.00506
0.0049
0.0049
0.0049
0.0049
133.2708
3547.575
10384.97
8849.035
3528.8477
3420.0111
3426.9045
3894.27
4279.8032
4901.7777
9190.079
15628.05
13662.13
11817.582
11360
10895.7
10417
9857.42
6121.735
0.00864
0.0049
0.0049
0.0049
0.0049
225.6047
3566.418
10412.9
8794.252
3597.0055
3420.0289
3420.0409
3420.0485
3420.0554
3600.4637
8629.59
15937.37
13278.77
10305.55
9286.1
8933.5
8933.5
8690.66
5498.227
0.00505
0.0049
0.0049
0.0049
0.0049
201.5927
3548.349
10360.68
8794.876
3592.5486
3420.0339
3420.045
3420.054
3658.81
5929.8452
11857.854
20512.73
17823.6
13166.851
11893
11275
10565.3
9447.01
5492.451
0.00502
0.0049
0.0049
0.0049
0.0049
220.3258
3547.194
10338.82
8794.766
3539.4629
3420.0442
3420.0646
4155.059
5824.44
7755.3677
13248.46
21775.48
18637.55
13733.33
11847.37
11053
10082.6
8961.93
5489.346
0.00504
0.0049
0.0049
0.0049
0.0049
229.5158
3543.808
10373.45
8798.03
3602.0041
3420.0291
3420.054
3747.27
5155.199
7079.6198
12896.16
21795.39
18694.46
13444.72
11201
9993.6
9005.4
8687.49
5497.639
0.0051
0.0049
0.0049
0.0049
0.0049
131.6304
3440.406
8642.03
5493.104
190.5784
1087.1
1979.9
3383.39
5011.99
7228.7544
12723.437
21720.97
19779.91
15607.87
13256.23
12037.44
11401
10627.69
6511.077
0.0116
0.00537
0.0049
0.0049
0.00854
240.4176
3436.19
10270.14
7502.51
2298.0139
3306.67
4731.7
5822.75
7333.45
9462.918
14729.639
24224.36
21759.4
16997.65
14238.1
12234.13
11328.8
10793.45
7268.57
0.0275
0.0211
0.0146
0.0146
0.0213
205.5306
3525.807
12413.91
11179.926
5259.262
6424.448
7289.78
7819.15
8846.51
10763.0475
16451.573
25036.63
20496.7
17043.572
17506.24
18967.48
18149.76
14828.75
7980.22
114.91
0.0114
0.00768
0.00548
0.0049
235.1354
3542.167
10447.1
8998.163
3557.9582
3420.0476
3654.67
4759.15358
5839.79
6671.7905
11287.433
19414.82
16386.17
12493.03
11101
9916.5
8979.2
8694.7
5491.663
0.0051
0.0049
0.0049
0.0049
0.0116
187.3633
3519.577
12301.64
11176.811
3518.6426
3451.019
4244.5
5112.29
6445.88
7969.9705
12901.477
21450.51
18355.67
14168.897
12257.49
11149
10602.4
10414.95
7184.813
0.0248
0.0106
0.0049
0.0049
0.0049
134.8505
3558.782
11249.13
10143.128
3600.6725
3420.0587
3807.48
4867.4079
6276.93
7915.3908
13177.709
22712.62
19221.48
14786.56
12665.17
11639
11021
10502.94
7016.476
0.0215
0.00787
0.0049
0.0049
0.0049
250.6822
3547.565
10428.03
9104.475
3545.1945
3420.0399
3420.0544
3920.35
5627.79
7774.1051
13593.93
23129.33
19826.67
14948.09
12598.53
11649
11127
10652.4
7145.837
0.0275
0.0212
0.0156
0.0086
0.0049
191.0183
3445.269
9421.07
6841.131
197.8824
0.0501
752.05
2236.2
3363.107
5830.3713
11462.28
20144
18546.05
14628.42
11887.46
10597.6
9986.8
9329.74
5524.32
0.00494
0.0049
0.0049
0.0049
0.0049
125.929
3441.314
9329.92
7680.293
117.8885
1161.7
2569.4506
4042.38
5714.39
7830.3896
13317.447
22396.49
20157.49
15931.49
13472.55
11684.2
10779.3
10165.95
6341.169
0.0049
0.0049
0.0169
0.0049
0.0049
224.3268
3539.737
10635.56
10697.552
3528.2869
4187.8
5237.868
6440.83
7568.53
9213.0456
14104.744
23484.41
20085.68
15940.658
13717.84
12206.18
11279
10617.19
6868.14
0.0173
0.0059
0.0049
0.0049
0.0049
229.0904
3561.991
11331.32
11425.18
3873.0632
5218.3
6790.17
7743.2
9403.62
11414.9819
16649.285
26930.16
22994
17848.14
15416.19
13767.49
12591.09
11642.98
7794.811
0.0106
0.0049
0.0049
0.0049
0.0049
228.6849
3553.01
11254.48
11645.7
4442.9701
5724.889
7349.21
8105.2
9209.01
11134.0384
17001.946
28121.66
24838.8
18289.45
15114.91
13412.95
11824.08
10192.57
6131.899
0.00731
0.0049
0.0049
0.0049
0.0049
209.6179
3561.861
10470.82
11208.91
5060.1037
6092.627
7485
8463.66
9832.62
11971.1278
17743.547
28044.04
24032.3
17167
14030.3
11775.14
10489.06
9504.85
5497.227
0.00491
0.0049
0.0049
0.0049
0.0153
177.6344
3497.564
13466.44
12361.145
5180.1035
6507.99
7631.43
8272.31
9353.28
11323.9049
17085.521
27818.39
24404.7
17865.083
14750.38
12652.59
11141.89
9803.23
5491.198
0.00502
0.0049
0.0049
0.0049
0.0049
160.7832
3444.763
8644.15
6154.379
2114.3811
3133.4048
4693.49
5649.19
7085.42
9621.3111
15029.304
25147.75
22672.1
17779.34
14852.16
12755.9
11515.95
10701.12
6927.909
0.0203
0.0125
0.00521
0.0049
0.0049
228.3004
3437.011
9273.97
7106.972
943.4905
2435.2994
4039.7
5238.77
5848.19
6416.711
10346.444
18831.4
16996.08
15242.89
13838.06
12901.01
12225
11355.71
7253.573
0.0225
0.0115
0.0049
0.0049
0.0049
248.1353
3565.283
10350.94
9812.059
3786.7944
4920.7
6153.7
7127.2
8344.64
10379.1017
16094.848
25162.97
21264.1
15288.643
12635.69
11248.89
10419.3
9386.52
5492.916
0.00503
0.0049
0.0049
0.0049
0.0049
247.1392
3492.853
11062.51
10335.088
3558.0811
4282.21
5267.003
6467.97
7645.12
9599.9333
15112.954
23741.43
19985.38
14300.866
11979.34
11024.45
10621.6
10224.66
6704.252
0.0175
0.0077
0.0049
0.0049
0.0049
116.8568
3563.948
10390.83
9435.934
3569.5726
3807.82
5096.197
6333
7470.01
8742.7176
13779.62
22921.45
19263.34
14876.68
12680.48
11419.69
10650.2
9790.55
5842.264
0.0049
0.0049
0.0049
0.0049
0.0049
252.0337
3556.976
10367.91
10158.022
3852.2751
4947.3
5924.66
6987.62
8199.88
10152.6761
15944.376
25807.26
22283.7
16262.932
13142.61
11290.68
10452.6
9742.31
5927.034
0.00491
0.0049
0.0049
0.0049
0.0049
252.7034
3555.314
12077.83
11572.146
3532.4162
3420.0766
3593.56
4469.35527
6048.96
7832.1625
13252.053
21909.51
18410.13
14499.89
13076.17
12441
11768
10593.87
6261.338
0.0049
0.0049
0.0049
0.0049
0.0049
225.9075
3436.94
8661.69
6984.58
1191.2237
2635.8
4333.9
5570.95
7061.17
9511.6698
15350.413
25945.84
23881.9
18257.5
14210.1
11682.45
10408.01
9711.48
6092.003
0.00855
0.0049
0.0049
0.0049
0.0049
151.5497
3441.204
8648.32
6531.584
1942.3894
3283.358
5250.23
6475.91
7662.79
9331.3663
13386.436
21179.79
17805.8
15159.91
12773.68
11293.21
10537.1
9839.05
6104.424
0.00899
0.0049
0.0049
0.0049
0.0049
234.3825
3560.436
10997.59
10707.286
3595.9851
3704.5
4736.0269
6039.82
7209.64
8564.837
13276.36
22012.89
18087.15
14621.628
13423.47
12458.04
11750
10966.8
6973.017
0.0186
0.00833
0.0049
0.0049
0.0049
201.6063
3541.96
10419.31
10485.914
3764.8609
4989.9
6398.35
7725.95
9636.77
11643.9612
16530.758
24608.83
19718.2
15509.59
13335.46
12079.2
11301.59
10707.62
6841.779
0.0178
0.00894
0.0049
0.0049
0.0049
141.8043
3558.908
10416.09
10347.634
3886.5494
5066
7285.29
8189.06
9161.67
10531.2577
15961.083
25737.95
22901
17211
13890.55
11955.65
10857.5
10127.68
6355.071
0.00975
0.0049
0.0049
0.0049
0.0049
216.3174
3547.521
10426.63
10352.961
4640.992
5825.146
7757.46
8632.04
9426.57
10744.0428
16093.59
27549.79
23519.3
17070.961
13853.45
11924.99
10921.49
10290.76
6632.192
0.0148
0.00533
0.0049
0.0049
0.0049
112.273
3561.571
10397.66
10330.538
5038.9235
6053.731
7446.69
7653.98
8243.19
10349.2637
16370.364
25971.77
24239
18200.191
14325.42
11945.55
10621.49
9779.8
6115.672
0.00973
0.00505
0.0049
0.0049
0.0049
221.8885
3434.46
8642.04
6024.103
704.4801
2394.993
4305.74
5726.95
7181.38
8817.5581
13741.94
24302.54
22441.6
17836.01
14327.05
12045.25
10763.36
10013.33
6366.58
0.0138
0.00982
0.00634
0.0049
0.0049
241.1006
3444.25
9260.4
7092.716
2809.0554
4462.51
5957.09
6874.72
8225.82
10531.2472
15887.501
26624.76
25286.2
20217.6
16472.83
13951.95
11591.16
10122.27
6479.781
93.561
0.0128
0.00733
0.0049
0.0049
241.4601
3559.64
11078.18
10678.55
5887.4449
7241.68
8088.34
8739.55
10275.92
13540.1659
19309.234
29952.51
26475.8
20418.72
17094.2
15275.07
14098.13
12928.76
8906.919
769.67
445.03
296.54
161.85
71.727
287.0904
4455.11
13233.19
12138.094
4420.7012
5463.9
6669.61
7601.3
8672.09
10196.8561
15497.211
25847.75
22651.3
17655.702
15256.03
13909.92
13043.58
12153.51
8343.26
220.49
0.0319
0.0189
0.0109
0.0101
242.5819
3545.638
11804.81
10967.542
3535.4349
3420.0386
3420.0344
3420.0305
3420.0265
3550.1327
7025.966
13643.84
12426.1
10788.064
10470.2
10243.6
10132.5
10005.67
6862.634
0.0265
0.0234
0.0211
0.0187
0.0161
118.2048
3560.554
11457.25
10241.679
3534.0569
3420.0638
3421.2796
3722.21
4266.9
5053.7811
10086.86
17599.2
13436.22
10961.14
10834
10777.5
10834.1
10685.9
7592.871
0.039
0.0338
0.0297
0.0281
0.0281
244.1468
3500.868
12739.69
11846.203
3542.7536
3420.0713
3494.617
3903.01
4548.4
5646.0837
10650.587
20163.97
17524.73
14028.451
13171.02
12639
12250
11729.51
8188.094
0.0458
0.0405
0.037
0.0322
0.024
228.8012
3439.223
10854.36
8615.86
1903.0851
3122
4675.94
5580.66
6190.23
6682.249
10369.84
16060.3
13129.36
11383.95
10890.9
10391
10043
9577.5
6080.802
0.00932
0.0049
0.0049
0.0049
0.0049
247.996
3434.549
9601.51
7403.195
667.2831
2380.2
3085.506
4471.98
5652.41
7331.3517
12247.66
20574.97
17999.76
14683.98
12418.46
11326
10643.4
10014.07
6370.354
0.0144
0.0109
0.00778
0.0049
0.0049
219.9583
3517.203
11200.77
10449.25
3582.8876
3420.0666
3817.7
4448.8
4955.93
5801.7847
9912.185
18995.4
16983.84
14454.501
13063
11481
10509.1
10177.66
6870.708
0.0261
0.0239
0.0226
0.0254
0.0313
246.2137
3542.857
13013.39
11741.773
3541.1873
4629.7
5449.131
6616.8
7616.42
9118.3013
14118.872
23913.39
20623.45
16399.717
14147.25
12795.91
12024
11448.69
7623.195
0.0323
0.024
0.0169
0.00901
0.0049
242.7571
3528.855
11640.77
11583.8
4737.5376
5481.412
6893.35
7420.85
8251.44
9905.1046
15522.467
25461.78
22636.6
17344.46
14623.32
12949.81
12005.09
11239.28
7707.966
0.0326
0.0194
0.00634
0.0049
0.0049
187.6124
3512.746
10636.93
10503.524
4726.8532
5399.9236
6272.64
6830.3
8336.4
10482.3205
16544.945
26953.69
24196.2
18048.861
14353.96
11866.46
10668.76
10105.22
6585.538
0.0163
0.00905
0.0049
0.0049
0.0049
238.2787
3508.262
10877.74
10436.565
4601.3016
5417.438
6576.82
7208.28
8211.59
10175.8271
15913.098
26088.21
23368.5
17288.534
13829.21
11463.65
10536.79
10200.84
6757.394
0.0176
0.00551
0.0049
0.0049
0.0049
157.5616
3435.162
9429.36
7455.701
2195.4469
2799.89031
4150.95
5161.03
6396.66
8559.7004
14338.773
24357.24
22290.2
17553.37
15042.69
13364.96
12244.06
11527.23
7842.394
0.0373
0.0307
0.0234
0.0139
0.0049
245.1485
3445.11
9518.36
7524.229
2609.1138
3766.14
4934.5
5470.3
6863.27
9466.5073
15171.33
25746.31
23512.7
19245.7
16620.2
15174.74
14074.42
13020.82
9006.713
437.04
6.1715
0.0434
0.0352
0.0259
227.0387
3549.59
12270.5
11716.652
5276.2986
6737.63
7960.86
8847.55
9980.58
11721.1412
16914.433
27288.57
23235.3
18164.3
15612.35
14112.52
13123.23
12242.26
8397.592
70.121
0.0377
0.0309
0.0218
0.012
128.9732
3559.588
11154.63
10472.311
4019.8737
5276.6
6743.99
7787.19
9256.4
11434.0748
17198.576
27909.47
23967.8
17930.54
15162.05
13709.19
12586.42
11339.79
7381.845
0.0263
0.0179
0.00837
0.0049
0.0049
138.7515
3504.183
10731.79
10649.21
4557.0892
5408.161
6609.85
7213.95
8140.18
9969.1762
15919.276
26138.08
23267.9
17154.138
14193.91
12368.5
11253.73
10315.77
6545.614
0.0147
0.00668
0.0049
0.0049
0.0049
156.7616
3567.358
10969.56
10780.497
4919.2233
5522.704
6542.17
7142.78
8287.48
10626.541
17142.912
27935.57
25150.7
19105.67
15670.48
13915.11
12760.19
11804.93
7957.97
218.16
29.573
0.0304
0.0218
0.0103
185.6792
3558.777
11665.34
11303.6
5726.8816
6738.29
7714.86
8533.96
9906.49
12139.9383
18365.944
29781.57
26768.2
20385.31
17187.4
15446.94
14168.32
12924.25
8714.38
642.13
291.22
76.38
0.0237
0.0171
136.424
3680.491
11166.99
9108
3838.6759
5662.03
7209.19
7702.75
8570.24
10262.3185
15691.425
26368.71
24300.2
19691.1
16294.1
14307.58
13057.25
12395.21
8740.117
284.61
0.65225
0.0236
0.0113
0.0049
227.389
3434.402
9892.48
8135.05
3075.5091
5307.64
7153.8
7795.9
8267.13
8651.5674
12581.767
21247.61
18835.3
16068.59
14257.69
12990.81
12162.86
11286.79
7377.364
0.0277
0.0203
0.0133
0.0101
0.0094
217.3343
3554.57
12275.87
11759.9
4938.5798
6206.27
7476.65
8033.21
9356.67
10932.0476
16020.907
26230.48
23170.1
17595.818
14474.14
12383.85
11406.65
11131.17
7879.563
0.0429
0.0403
0.0388
0.0367
0.0337
229.8494
3713.238
12786.07
11826.079
3758.975
4795.025
6233.11
7363.43
8815
9936.5167
14282.319
23686.86
19664.45
15906.242
14478.74
13692.3
13186.06
12611.29
9168.627
0.0623
12.985
11.867
0.0454
0.0384
215.7738
3639.624
13222.5
12496.135
4644.1577
5712.39
6907.93
7720.06
8620.9
10130.3192
14428.062
22689.56
17081.89
12553.284
11477.34
11127
10813.7
10209.53
6500.237
0.017
0.013
0.00965
0.00811
0.00901
252.5942
3513.827
11937.43
11665.767
4659.7371
5215.07
6323.57
5806.57
6663.1
9404.4514
15270.818
27407.04
24176.7
18586.29
15912.48
14398.72
13422.98
12514.08
8789.832
0.0503
0.0442
0.0372
0.0273
0.0169
120.927
3552.285
12108.07
11764.599
5289.7202
6554.82
7824.6
8550.12
9406.3
10757.4576
15807.561
25220.01
21849.1
16745.614
14344.37
12761.57
11863.62
11208.11
7377.702
0.0244
0.00927
0.0049
0.0049
0.0049
247.3874
3445.291
8664.84
5490.24
1522.9772
2337.4
3935.22
5167.21
6177.26
8149.733
13713.163
23491.32
22271.9
17796.32
14714.52
12781.76
11478.25
10534.3
6575.529
0.0155
0.011
0.0067
0.0049
0.0049
148.6039
3441.43
9874.37
8063.573
2549.7293
3624.97
4856.28
5735.2
7376.08
9865.4632
15378.874
25608.95
24439.3
19582.2
15344.29
12563.52
11278.57
10543.54
6936.999
0.0253
0.0223
0.0188
0.0127
0.0049
213.2671
3553.86
11506.23
11216.275
4894.7541
5862.458
8140.48
9675.1
10403.45
10635.6502
14860.085
24118.8
20936.6
16702.02
14168.69
12251.48
11287.51
10692.5
7116.435
0.0262
0.0177
0.00895
0.0049
0.0049
240.5408
3567.722
10367.91
9057.718
3599.8502
4070.41
5303.47
6044.78
7037.3
9183.3509
15019.519
25746.55
22615.8
16751.03
13901.71
12336.12
11324
10443.5
6544.292
0.0173
0.0148
0.0128
0.0121
0.00588
215.9235
3518.204
10991.36
10649.5
4569.5103
5254.2091
6446.61
7349.12
8514.97
10948.3796
16223.983
25905.11
22798.3
17727.437
15174.95
13541.23
12553.73
11574.58
7684.83
0.0337
0.0279
0.0207
0.00853
0.0049
229.0445
3527.023
10772.57
10802.503
4749.0498
5683.019
6980.15
7523.99
8478.49
10130.9393
15237.659
24957.74
21382.1
15755.11
13385.94
12018.12
11480.6
11220.67
8039.468
0.046
0.0466
0.0466
0.0428
0.0374
156.477
3557.282
13091.25
12204.8
3699.8151
4809.333
6227.1
7002.01
8085.62
9831.0861
14970.057
25368.19
21515.7
16397.115
14029.37
12342.19
11559.3
11463.74
8275.55
0.0475
0.04
0.0321
0.0259
0.0217
238.2535
3441.012
11017.76
8881.4
2540.0051
4010.14
5728.49
6246.28
7589.91
9238.0345
13684.946
22647.77
19839.9
16384.91
14409.54
13179.9
12537.17
12146.3
8761.38
0.0525
0.0423
0.0318
0.0262
0.027
240.4411
3433.709
10964.82
8339.391
806.198
2709.4
4484.24
5719.5
7134.17
9069.9999
14474.468
24521.44
22098.4
18001.71
15618.71
14191.55
13326.08
12775.38
9199.267
79.287
9.9643
3.0597
0.0371
0.0315
211.2587
3762.868
13044.15
12473
5620.6967
6892.53
8034.6
8098.77
8925.86
10619.2796
15783.61
26677.53
23801.7
18607.867
15612.99
13667.02
12644.7
12021.37
8506.269
0.05
0.0448
0.0391
0.0312
0.0221
106.4119
3560.652
12013.87
11280.381
3528.1296
3568.85
4583.03
6159.77
8167.3
9378.8579
14233.645
23596.41
20702.12
14868.795
10697.66
8933
8933.6
8696.98
6120.884
0.025
0.0215
0.0183
0.0125
0.00595
114.6182
3543.098
11321.98
10686.389
3600.0634
3420.0432
3498.832
3692.46
4410.832
6019.5809
10929.534
18073.21
15415.06
12196.67
11507
10830.5
10100.7
9250.81
5493.172
0.00507
0.0049
0.0049
0.0049
0.0049
191.1501
3485.83
10352.24
9503.89
3602.3854
3420.0634
3673.5
4085.08
5673.97
7607.9252
13234.737
24944.66
22461.92
16905.877
13702.3
11759.55
10872
10409.61
6797.637
0.0212
0.0149
0.00973
0.0049
0.0049
194.628
3543.016
10963.63
11046.406
3812.5906
4566.5
5049.73
5645.54
6986
8840.6216
15181.259
26185.96
22512.4
17469.48
14575.75
12586.97
11694.87
11450.5
8111.174
0.0443
0.0382
0.0295
0.0192
0.0102
147.1492
3435.738
10420.65
8533.974
2070.7114
3193.753
4583.31
5241.88
7038.34
9025.1489
13920.709
22999.56
21007.7
17469.55
14641.62
12153.41
10746.71
10166.08
6651.879
0.0198
0.0153
0.0119
0.0114
0.0137
197.1281
3434.907
10704.4
8234.399
689.2893
2290.1
3365.34
4633.97
6014.28
8084.0115
13126.357
23615.71
21757.1
17695.39
15538
14091.14
12768.24
11221.17
6356.96
0.0049
0.0049
0.0049
0.0049
0.0049
175.8177
3511.156
11839.41
11048.364
3538.6455
3591.13
4618.3
5384.95
6903.58
9012.3966
14456.883
23655.83
19313.74
15624.84
13944.06
13040.91
12472.02
12059.55
8513
0.0483
0.0414
0.0337
0.0267
0.0216
242.9938
3530.965
13210.84
12979.2
3545.0072
4390.49
5847.17
6972.93
7516.83
8513.2095
13010.687
22304.78
18782.08
14916.601
12695.06
11115
10393
10280.52
6924.62
0.0286
0.0276
0.0278
0.0264
0.0227
160.4019
3539.85
11913.04
10828.54
3610.3628
3420.0569
3420.067
3420.0769
3880.08
4379.9159
9168.24
17403.49
16609.74
13979.137
12990
12000
11064
10211.14
6226.176
0.0115
0.0125
0.0133
0.0154
0.0182
177.3937
3542.455
12363.34
11257.385
3539.2326
3420.0746
3731.34
4343.77
5647.97
7834.8928
13240.022
23905.6
20689.66
16032.042
13767.13
12669
11963
11214.72
7490.49
0.0325
0.0275
0.0235
0.0238
0.0261
210.2701
3500.468
12028.69
10631.935
3520.2476
3811.57
4907.573
5555.56
7029.2
8956.6663
14153.473
23568.54
19973.76
15218.04
12958.13
11844
11205
10666.94
7030.827
0.0235
0.0135
0.0049
0.0049
0.0049
215.676
3436.805
9363.13
7051.195
295.5524
2102.2
2935.041
3866.12
5311.34
7013.4437
12317.923
21756.04
19472.58
15721.67
13435.04
12051.39
11343
10878.56
7297.764
0.024
0.00948
0.0049
0.0049
155.4601
3442.096
8672.28
5491.119
187.8493
9.6325
1186.2
2449.5
3398.75
5240.1304
10963.19
20676.4
19581.6
16723.23
13744.89
11641.41
10954
10383.65
6473.748
0.00958
0.0049
0.0049
0.0049
0.0049
211.4803
3544.406
10526.28
10180.684
3548.5684
3420.0682
3420.0888
3420.10532
3420.111
4179.6593
10020.568
20578.98
18366.4
15268.7
13462.26
12613
12123
11502.31
7760.222
0.0383
0.0373
0.0397
0.0416
0.0412
225.5215
3548.877
12309.76
11570.423
3540.64
3420.0785
3925.51
4847.105
5675.85
7027.7787
12400.96
23107.8
21046.59
18050.71
15766.98
13875.78
12605.66
11800.58
8183.957
0.044
0.0389
0.0362
0.0324
0.0268
219.5723
3560.861
11383.18
10576.569
3610.3877
3420.0647
3816.99
4923.07
5886.04
7690.4309
13155.63
24529.75
22960.3
19499.489
16131.06
13852.8
12452.3
11584.78
8169.111
0.045
0.0419
0.0404
0.0386
0.0333
244.2486
3541.821
11014.52
9266.563
3587.8021
3420.0542
3430.306
4301.11
5391.77
7079.5303
13054.274
24928.2
22700
18780.513
16083.69
13747.22
12477.4
11684
8149.88
0.0359
0.0306
0.0373
0.0374
0.0337
212.7417
3562.06
11971.54
11105.61
3604.6283
3420.0608
4719.3
5658.585
6702.75
8168.3736
13838.723
25506.16
23899.2
20241.57
16846.89
14557.13
12799.68
11777.66
7421.65
0.0277
0.0272
0.0212
0.015
0.0166
238.8182
3439.031
10993.83
8291.269
192.3703
647.17
2655
3735.751
4517.05
5600.59
11068.06
20589.96
18935.11
16633.57
14077.67
12934.42
12889
12495.11
8209.061
0.0414
0.0312
0.0267
0.0247
0.0134
152.8187
3435.221
8682.03
5498.479
173.3268
61.681
1172.3
1957.8
2662
3704.3906
8774.817
18030.4
16667.26
15063.99
13817.83
13330
12785
11731.54
7485.822
0.0216
0.0106
0.00544
0.0049
0.0049
205.4764
3554.746
10394.56
8807.134
3604.3277
3420.0273
3420.0418
3420.0456
3420.0525
3697.2999
8730.46
17087.75
15845.04
13594.56
12855
12068
11221
10500.15
6942.844
0.0242
0.0207
0.0203
0.0196
0.0151
217.33
3512.716
10384.03
9445.904
3593.619
3420.0492
3420.0634
3443.228
3979.04
5050.4022
11771.407
22023.55
19629.55
15935.33
12604.24
11771
11199
10300.2
6694.805
0.0215
0.0226
0.0204
0.0153
0.0154
152.4116
3561.898
11175.68
9907.029
3611.7594
3420.0563
3420.0706
3420.75898
3915.32
5443.7557
11370.85
22026.11
20157.14
16745.928
13927.47
12938
12178
11449.65
7944.287
0.0434
0.0416
0.0301
0.0049
0.0049
137.0255
3565.112
10395.76
8795.488
3603.048
3420.0121
3420.0305
3420.0506
3420.0602
3697.567
7816.927
16315.65
14697
12779.576
11831
11235
11402
10959.01
6922.68
0.0166
0.00846
0.0136
0.0157
0.0078
172.6698
3529.601
11142.51
10453.032
3579.8545
3420.0741
3420.0807
3420.0887
3976.07
5080.2536
10872.84
21735.01
17622.15
12620.117
11072
10972
11050
10831.13
7682.493
0.0419
0.0388
0.0366
0.0343
0.0338
209.8842
3438.561
10609.3
7493.739
117.0848
34.629
2010.8
2721.2
3325.92
4961.3109
10557.887
21411.64
20144.4
17202.83
14302.9
12447.95
11717
11244.27
7696.765
0.036
0.0356
0.0408
0.0459
0.042
206.5332
3435.065
9745.82
7157.935
168.0529
0.0683
816.17
2399.7
3023
4735.7308
10371.92
20932.08
20687.39
18390
15068.74
13217.65
12499
11916.5
8621.599
0.051
0.0375
0.0265
0.0214
0.0208
173.824
3528.931
11047.75
9857.977
3604.7871
3420.0623
3420.0804
4049.24
4536.8
5128.6773
9554.04
19814.47
17698.41
15298.82
13685.01
12052
11960
11452.68
7504.316
0.0321
0.0239
0.0128
0.00771
0.014
249.0426
3561.321
12129.71
10956.769
3534.8221
3420.0528
3420.0613
4208.65
4472.5606
6033.084
11691.06
21589.9
19830.75
16962.31
14597.94
13259.47
12680
12010.67
8342.605
0.0452
0.037
0.0323
0.0285
0.0271
143.6275
3558.52
11684.82
10760.576
3609.7501
3420.0719
4156.62
5017.1
5923.226
7362.7985
13509.86
24644.63
21323.68
17219.32
14476.93
13227.18
12622
11838.99
8007.792
0.0358
0.028
0.0253
0.0224
0.0447
131.7075
3531.892
21684.05
23502.189
3546.6303
3420.058
4325.58
5511.87
6346.97
7193.9371
11526.506
21509.39
20430.87
17284.154
14998.35
13394.29
12337
11533.24
8095.745
0.0445
0.0364
0.0259
0.0159
0.00792
188.9342
3536.141
10432.51
9453.355
3597.7587
3420.0436
3420.068
4244.47
5187.5935
6955.4226
12409.49
22604.02
19240.1
15256.67
13403.55
12433
11772
11086.87
12200.5
0.096
0.0286
0.0267
0.02
0.0104
148.8304
3433.955
8665.16
6390.024
232.0517
0.0632
768.09
1934.3
2397
3107.3526
8074.12
15965.97
13535.11
10935.82
10056.3
10016.1
9576.5
9015.17
5809.284
0.0104
0.00907
0.00729
0.00552
0.0049
243.9652
3438.424
9345.56
7445.176
190.124
84.889
1885
2650.1
4026.06
6311.0783
11432.087
18278.96
16022.39
13297.17
11487
11325
11110
10851.29
7684.45
0.0396
0.0387
0.0312
0.0223
0.0214
203.8704
3538.987
10680.84
9503.7
3581.9472
3420.0576
3420.0759
3674.77
4427.8
5062.4866
10374.246
20406.19
18368.75
15632.15
14015.56
13005
11945
10935.98
6981.231
0.0351
0.034
0.0254
0.0223
0.0215
184.1015
3486.649
11538.84
10449.025
3542.6599
3420.057
3420.073
3420.0855
4115.52
5000.3757
10014.135
19065.01
16842.77
14269.38
13786
13324
12756
12019.75
8382.923
0.0452
0.0359
0.029
0.022
0.018
184.009
3562.586
11042.59
9684.864
3544.0955
3420.0238
3420.0411
3420.0657
3420.0649
3554.4037
8927.9
18804.06
16881.93
14105.382
12306
10495.5
10003.7
9838.98
6844.412
0.0249
0.0246
0.0229
0.0135
0.0055
194.9959
3556.273
13834.1
12384.35
3580.4271
3420.0641
3420.0822
3420.0921
3459.753
4547.5436
9992.208
21156.13
18359.47
15145.87
13843.25
13227
12522
11860.79
8598.441
0.047
0.0329
0.0251
0.0172
0.0152
212.6476
3487.009
11712.23
10721.7
3613.5562
3420.0689
3420.083
4278.44
5185.746
6700.9038
11504.524
22108.83
19840.57
15452.378
11302.91
9952.6
10064.3
10041.38
6849.52
0.0271
0.0227
0.022
0.022
0.0128
250.5688
3436.012
9434.5
7437.031
125.0834
265.91
2098.3
2745.6
3476.5679
5353.0209
11262.22
21889.1
19066.46
14645.76
12011.22
11531
11077
10610.12
7227.856
0.0319
0.0313
0.0321
0.0331
0.0259
153.6404
3440.436
8676.68
5493.115
188.5669
0.048
398.31
2001.8
2614.9
3493.389
8679.31
17728.53
17368.87
16290.43
14576.39
13415
12204
11071.58
7244.934
0.0246
0.016
0.0097
0.0049
0.0049
149.7011
3563.704
10400.79
9476.016
3600.9644
3420.0698
3420.0737
3420.0599
3420.0834
4815.1071
9846.78
19862.91
16399.89
12637.854
11508
11122
11138
10406.37
6595.647
0.0201
0.0191
0.0228
0.0267
0.0514
206.8713
3566.14
11746.12
10927.569
3540.6754
3420.0701
3420.0844
3420.0886
3497.438
5191.6208
11665.639
21821.55
18464.72
16465.802
14540.91
12713
12372
11917.3
8597.277
0.039
0.0205
0.0168
0.0132
0.00969
210.2676
3560.962
10373.42
8796.032
3612.7273
3420.052
3539.7
4763.8
5407.38
6765.7557
12110.124
20851.46
18042.37
14715.192
13115.83
12389
11901
11157.62
7338.933
0.028
0.0221
0.0203
0.0202
0.0193
184.135
3541.72
11113.08
9969.711
3597.3659
3420.0375
3420.0508
3420.0631
3420.0502
3523.0254
6857.024
12161.83
10931.9
11689.56
12069
11167
10232.9
9563.74
6450.579
0.024
0.0233
0.0198
0.0166
0.011
154.7448
3549.224
10405.02
9889.504
3612.254
3420.0528
3420.0667
3436.946
3961.67
5606.5206
11138.807
22020.51
19298.2
15813.014
14017.57
13173
12272
11413.76
7854.611
0.0386
0.0338
0.0296
0.0256
0.0232
162.5497
3437.21
9771.4
7169.49
199.6839
0.0546
0.071
1651.3
2482.4
4002.5062
9503.81
18000.67
17270.82
15782.72
13962.61
12561
10915.9
9830.23
6441.163
0.0196
0.0173
0.0151
0.0128
0.0101
116.1613
3433.813
8939.25
6467.687
223.4209
0.0488
1995.2
2941.6
3583.1131
5477.7212
10559.07
21294.5
20597.26
18190.05
15429.64
13715.56
12879
12183.31
8253.571
0.0386
0.0314
0.0311
0.0335
0.0319
197.134
3560.406
11615.97
10702.984
3539.2321
3420.0587
4282.33
4780
5369.4
5993.2233
10719.86
16119.4
16811.68
15672.08
13996.49
12684.22
11836
11014.35
7315.765
0.027
0.0219
0.0221
0.0224
0.0215
217.8829
3568.57
11547.69
10635.85
3613.8902
3420.0547
4434.9
5079.47
6174.14
7751.4956
13453.15
24725.04
21601.11
16171.273
12468.64
11155.86
10711.7
10151.99
6639.28
0.0177
0.0136
0.0129
0.0131
0.0123
211.1815
3556.647
11122.23
10355.653
3606.082
3420.0561
4395.99
5205.81
6211.8
7487.5782
12757.898
22565.45
19319.82
15909.402
14123.49
13235
12584
11706.43
7701.428
0.0282
0.0199
0.0181
0.0153
0.0127
171.9073
3554.749
10948.44
9914.661
3565.4637
3420.0452
3420.0642
3983.89
4810.239
6393.7577
12182.613
23684.06
21588.83
17709.16
14656.13
12804.24
11731
10610.52
6626.661
0.00868
0.0049
0.0049
0.0049
0.0049
171.7674
3536.714
10554.49
9883.119
3582.0745
3420.0495
3420.0635
4255.41
5240.459
6830.8145
12241.068
23215.22
20286.57
16569.346
14350.21
12981.88
11962
10866.88
6872.666
0.0144
0.00625
0.0049
0.0049
0.0049
160.4718
3434.085
9170.43
6896.215
223.4702
0.0554
1096.6
2539.3
3083.669
4354.7616
8985.09
19085.49
19169.05
17467.13
14779.24
12825.75
11404
10548.47
7055.676
0.0283
0.0243
0.0219
0.0192
0.0135
207.5066
3435.252
8789.48
6560.984
229.839
0.0498
297.2
1750.1
2521.4
3725.2838
9244.388
18565.74
17383.07
15494.89
13541.83
12319
11056
10150.11
6499.888
0.0158
0.0114
0.00789
0.0049
0.0049
245.652
3566.189
10344.68
8783.744
3603.6341
3420.0377
3639.19
4453
5520.74
7066.2457
11514.076
20364.42
18228.64
15300.87
13040.8
11964
11064
10210.77
6713.236
0.0201
0.0146
0.00931
0.0049
0.0049
174.5596
3563.829
10529.68
9693.101
3594.2905
3420.0431
3420.0595
3420.0749
4249.55
5359.3653
10532.97
20212.15
17688.29
14273.82
12909
11933
10919
10138.63
6529.26
0.0167
0.00597
0.0049
0.0049
0.0049
178.1958
3547.502
10688.82
9798.308
3536.3143
3420.0401
3420.0512
3727.45
4105.31
4783.2154
9433.662
18027.82
15903.9
13727.588
13339
12802
12182
11371.89
7498.448
0.0284
0.0223
0.0223
0.0223
0.0204
181.5692
3493.524
11049.56
9910.991
3547.3764
3420.0334
3420.0362
3420.0389
3420.0492
3544.7497
8201.737
16818.47
14869.4
12873.57
12347
11857
11315
10652.17
6769.48
0.0166
0.0106
0.00894
0.00724
0.00551
150.6771
3547.003
10534.24
9636.877
3602.574
3420.0379
3420.0473
3420.0548
3420.0623
3616.366
6859.744
16536.95
14822
12886.552
12485
12103
11641
10934.6
7120.526
0.021
0.0124
0.00804
0.0049
0.0049
172.0525
3440.629
8707.02
5652.071
228.6232
0.0212
0.0281
0.0354
0.0403
174.368
3443.191
11420.13
11719
11844
11549
10801.9
9962.5
9354.86
5802.12
0.00652
0.0049
0.0049
0.0049
0.0049
208.335
3434.35
8637.94
5561.35
166.01
0.0248
0.0387
0.0502
0.0556
184.8464
5666.89
12016.67
12062
12016
11789
11403
10963
9947.93
5556.604
0.00493
0.0049
0.0049
0.0049
0.0049
171.5654
3504.981
10403.06
8956.929
3551.2517
3420.0416
3420.0558
3420.0685
3883.19
4528.1008
9205.123
17503.67
14751.96
12278.55
11714
11467
11213
10627.34
6746.541
0.0143
0.00636
0.0049
0.0049
0.0049
237.3658
3559.275
10360.86
8785.655
3526.7942
3420.0156
3420.0266
3420.0341
3420.0389
3557.7903
6860.996
14953.68
13071.6
11049.319
10656.5
10408.7
10139.5
9792.46
6317.404
0.0157
0.00883
0.0049
0.0049
0.0049
111.5969
3502.649
10412.61
8822.316
3550.3389
3420.021
3420.0349
3420.0468
3420.0527
3614.2178
6860.265
15408.91
13837.6
12103.526
11790
11464
11082
10392.19
6642.319
0.0153
0.00748
0.0049
0.0049
0.0049
220.6715
3536.553
10410.7
8846.067
3563.42
3420.0404
3420.0555
3420.0692
3420.0759
4278.8614
9659.447
18674.25
16106.8
12777.235
11862
11298
10669
9685.19
5659.727
0.0049
0.0049
0.0049
0.0049
0.0049
171.737
3536.801
10384.39
8850.473
3551.2292
3420.0361
3420.0567
3420.0749
3801.86
5241.3448
10930.05
22207.45
19368.68
15481.05
13369.4
12497
11777
10978.42
7192.969
0.024
0.013
0.0049
0.0049
0.0049
158.9971
3440.942
8644.06
5493.832
208.6069
74.951
1661.6
2602.786
3988.227
5562.6798
9852.24
19268.66
16825.53
14043.81
12629.32
12040
11416
10709.39
7170.029
0.0271
0.0216
0.0166
0.0106
0.00702
235.902
3442.796
9051.43
6637.663
214.4063
96.759
2265.2
2916.758
3766.4
5490.92
10171.199
19132.43
18009.93
16226.26
14051.13
12928.3
12319
11661.03
7651.925
0.0275
0.0196
0.0192
0.0185
0.0172
219.7489
3544.424
11203.18
9732.206
3611.6256
3420.0493
3420.0796
4001.06
4946.95
6609.257
12340.383
23272.96
20445.03
15034.321
10904.3
9693.8
9521.6
9484.74
7023.292
0.0276
0.0202
0.022
0.0173
0.00876
151.6766
3564.641
10344.32
8869.002
3546.6866
3420.0562
3420.0683
3420.071
3937.56
5621.1725
9267.086
17573.19
14603.02
12885.788
12168
11912
11508
10681.2
6679.297
0.00702
0.0049
0.0049
0.0049
0.0049
243.8355
3554.754
10351.5
8793.546
3581.9694
3420.0454
3420.0683
3988.46
4957.59
6438.6593
12011.069
21159.15
16310.45
12074.972
11181
10939
10955
10196.97
6556.553
0.0207
0.0105
0.0049
0.0049
0.0049
227.4964
3549.847
10400.66
9501.563
3578.907
3420.0712
3601.35
4421.1
5113.86
5014.0404
8530.58
16477.57
14288
10998.17
10897.4
10463.3
10084.8
9764.1
6458.236
0.0163
0.00778
0.0049
0.0049
0.0049
203.2159
3561.531
10401.13
8832.08
3570.5259
3420.012
3420.0285
3420.0452
3420.0635
3564.2503
8435.74
19211.42
17988.04
14844.44
12416.39
10901.6
10174.3
9344.68
5498.651
0.00503
0.0049
0.0049
0.0049
0.0049
216.5246
3440.921
8659.62
5492.231
113.4788
0.0249
0.0449
0.06
1380.3
2727.8612
8293.054
17517.74
17933.62
15722.16
12133.1
11069
10784.6
10222.07
6460.793
0.0101
0.0049
0.0049
0.0049
0.0049
208.6648
3435.815
8663.29
5497.778
118.4296
0.0257
722.63
2277.1
3011.46
4740.2433
9962.101
18826.82
16948.64
14559.62
13120.51
12243
11271
10533.54
6975.275
0.0255
0.0205
0.016
0.0117
0.01
178.4208
3555.235
11052.24
10184.535
3533.1029
3420.0508
3420.0655
3420.0787
4014.62
4977.6862
9800.061
19989.48
18685.47
16063.927
14074.5
13029
11913
10969.69
7435.176
0.0318
0.0259
0.0201
0.0143
0.0109
179.1776
3515.575
10950.3
10275.453
3538.5228
3420.0531
3449.733
4577.8
5081.57
5970.202
11799.929
22544.8
20007.17
16318.444
13671.58
12296
11390
10580.96
6932.342
0.0206
0.0172
0.0205
0.0145
0.0049
199.5677
3534.82
10347.82
9483.37
3601.8709
3420.0554
3420.0639
3420.0731
3758.07
4729.9866
10293.324
21297.38
19785.17
17017.055
14716.48
13424.12
12390
11414.63
7611.247
0.0301
0.0241
0.0231
0.0221
0.021
184.1047
3555.091
11360.13
10347.769
3543.0163
3420.0625
3420.0807
3420.0886
3926.15
5225.9862
10807.86
20735.79
17184.54
12679.585
11688
11705
11726
11349.28
7818.394
0.0392
0.0344
0.0326
0.0307
0.0289
184.978
3508.022
11451.92
10013.7
3619.2988
3420.0366
3420.0483
3420.0597
3420.0718
3875.7245
8568.13
17515.9
14635
11813
11036
10902.3
10754.7
10196.35
6614.158
0.017
0.0114
0.00879
0.00619
0.00648
131.6366
3444.278
9340.86
6365.922
192.8014
0.0884
2179.6
2975.6
4490.912
6761.5631
12073.786
22460.65
19735.99
16176.59
13235.5
12190.39
11687
10960.02
7340.221
0.028
0.0214
0.0175
0.0106
0.0049
223.9517
3444.81
8708.99
5488.89
206.7111
0.0599
1222.3
2699.8
3664.53
5065.3704
9611.673
18358.5
15821.64
12698.28
11342
10631.5
9843.1
9214.53
5635.5
0.0049
0.0049
0.0049
0.0049
0.0049
162.556
3536.686
10374.56
9240.994
3609.179
3420.0365
3420.048
3420.0578
3420.065
3788.1043
9211.871
17469.03
14686.39
11584.48
10754.5
10304
9827
9290.19
5613.974
0.0049
0.0049
0.0049
0.0049
0.0049
154.6895
3560.038
10350.4
8796.309
3610.4265
3420.0161
3420.0328
3420.0471
3420.0545
3695.9729
7882.475
15545
13603
11535.14
10970
10425.9
9825.8
9350.52
5888.948
0.00912
0.00551
0.0049
0.0049
0.0049
204.766
3559.69
10404.39
8796.868
3538.9292
3420.0208
3420.0398
3420.0562
3420.0669
3622.5282
7314.84
16954.13
15191.8
13202.529
12599
11925
11212
10478.6
6784.229
0.0196
0.0106
0.0049
0.0049
0.0049
119.496
3535.86
10371.09
8857.831
3537.5491
3420.0049
3420.0178
3420.0341
3420.0452
3995.8085
9074.687
17284.38
14839.03
12489.734
12010
11375
10722.8
10054.24
6348.85
0.0123
0.00544
0.0049
0.0049
0.0049
185.9252
3559.367
10379.27
8796.958
3565.4764
3420.0108
3420.0303
3420.0478
3741.89
5326.8743
10932.691
22106.39
19404.49
15286.01
12561.82
11639
10796.8
9839.08
6147.037
0.00823
0.0049
0.0049
0.0049
0.0049
241.7463
3443.244
8640.22
5489.708
201.9519
0.0151
162.4
1395.1
2593.45
4280.1527
9383.43
17987.52
16727.53
14582.19
12496.06
11803
11211
10393
6352.492
0.00709
0.0049
0.0049
0.0049
0.0049
188.2811
3439.6
11707.24
7269.09
104.1473
0.0103
1424.8
2312.9
3570.34
4394.9706
9615.96
18860.15
17035.43
14277.58
12321.93
11439
10613.9
9706.04
5983.644
0.00498
0.0049
0.0049
0.0049
0.0049
210.671
3535.196
10400.22
8857.169
3540.7321
3420.0142
3420.0333
3420.0473
3420.0564
4300.6645
10135.69
19214.79
16955.76
13649.166
12352.13
11611
10822
9795.22
5492.921
0.00507
0.0049
0.0049
0.0049
0.0049
187.7343
3532.025
10367.37
8805.573
3607.4594
3420.0149
3420.0316
3420.0456
3420.0537
3664.4034
7971.53
16231.52
14472.32
12297.343
11699
10987
10202.8
9254.35
5496.726
0.00504
0.0049
0.0049
0.0049
0.0049
209.3716
3505.161
10366.65
8813.838
3606.5242
3420.0049
3420.0178
3420.047
3420.0642
3552.4184
7347.87
16695.11
14697.1
12585.341
11792
10865.8
9795.1
8867.52
5489.206
0.00502
0.0049
0.0049
0.0049
0.0049
227.625
3501.621
10362.24
8850.75
3612.78
3420.0163
3420.0321
3420.0462
3420.0587
3618.4312
7794.749
17236.47
14965.84
12336.7
11487
10650.1
9739.9
8921.1
5490.947
0.00502
0.0049
0.0049
0.0049
0.0049
228.525
3549.9
10369.08
8821.414
3536.4925
3420.0267
3420.0509
3420.0614
3420.0661
4662.6482
10325.113
20316.69
17646.39
13959.523
12440.13
11547
10560.6
9375.57
5490.745
0.00505
0.0049
0.0049
0.0049
0.0049
204.1227
3435.722
8661.21
5497.978
163.1337
0.0166
0.0435
0.0548
811.01
2308.0199
7411.85
16503.03
16163.11
14408.06
12325.46
11230
10051
8942.69
5493.07
0.0051
0.0049
0.0049
0.0049
0.0049
171.6168
3435.067
8685.73
5498.633
115.8942
0.0198
0.0438
1343.4
2135.3
3923.1242
9468.411
18494.24
17385.25
14858.34
11888.19
10957
9908.2
8802.73
5491.983
0.00505
0.0049
0.0049
0.0049
0.0049
205.9619
3558.454
10378.13
8814.976
3576.4041
3420.0362
3420.0537
3420.0688
3752.42
4654.3238
9889.695
19457.68
17504.69
14260.081
12255.65
11442
10568.3
9606.09
5599.8
0.00491
0.0049
0.0049
0.0049
0.0049
202.4069
3558.439
10351.82
8796.911
3541.6045
3420.0202
3420.0397
3420.0547
3420.0717
3646.6651
8691.09
18559.68
16939.82
13904.774
12865
11699
10350
9244.51
5659.667
0.00491
0.0049
0.0049
0.0049
0.0049
178.545
3504.27
10391.74
9332.45
3593.78
3420.0356
3420.048
3420.0594
3420.0686
4327.6936
10100.12
19871.67
17751.84
14607.53
13038
12453
11786
10942.27
7181.402
0.0243
0.014
0.00548
0.0049
0.0049
221.4959
3514.074
10347.52
8815.724
3533.0214
3420.0162
3420.0337
3420.0491
3420.0607
3864.7423
8876.769
18368.01
16166.33
13239.605
12416
11594
10626.7
9553.94
5491.977
0.00502
0.0049
0.0049
0.0049
0.0049
245.0276
3546.923
10378.56
8830.227
3608.3641
3420.0049
3420.0192
3420.0344
3420.0447
3602.0016
7191.216
15686.27
14154.8
12370.5
11499
10140.6
8933.3
8816.07
5498.452
0.00506
0.0049
0.0049
0.0049
0.0049
196.027
3435.728
8675.64
5497.872
118.023
0.0049
0.0157
0.0294
0.042
616.252
5447.7
11744.09
11828
11803
11535
11010
10453.5
9379.51
5496.843
0.00505
0.0049
0.0049
0.0049
0.0049
195.106
3436.883
8665.72
5496.717
118.2444
0.0128
0.0325
0.0342
0.0281
228.7536
3438.091
10416.74
10597.6
10679.7
10533.9
10094.9
9588.8
8926.77
5497.344
0.00507
0.0049
0.0049
0.0049
0.0049
188.915
3557.83
10401.3
8797.71
3566.8102
3420.0049
3420.0049
3420.0049
3420.019
3547.1286
6854.979
14354.19
13125.6
11793.2
11207
10168.6
9272.6
8753.44
5499.576
0.00508
0.0049
0.0049
0.0049
0.0049
180.325
3556.31
10383.14
8795.708
3598.198
3420.0049
3420.0223
3420.0393
3420.049
3668.1636
6855.447
16587.41
16129.7
13699.73
12482
11590
10712.3
9770.48
5974.669
0.0049
0.0049
0.0049
0.0049
0.0049
138.8544
3545.692
10379.09
8856.482
3532.1267
3420.0049
3420.0143
3420.0317
3420.0458
3726.9941
8683.81
18491.12
16291.6
12924.13
11776
11120
10402.1
9384.5
5495.32
0.00504
0.0049
0.0049
0.0049
0.0049
214.945
3558.85
10376.84
8815.05
3609.76
3420.0049
3420.0112
3420.0269
3420.0397
3606.642
6855.091
15911.15
14128.1
12138.116
11649
11231
10731.5
9964.69
6299.799
0.00929
0.0049
0.0049
0.0049
0.0049
215.5425
3541.674
10376.27
8863.976
3616.2552
3420.0186
3420.0412
3420.063
3420.0741
3875.681
9053.108
19547.76
17719.56
14360.96
12209.57
11254
10436.3
9822.93
6235.559
0.012
0.00563
0.0049
0.0049
0.0049
209.0242
3439.547
8712.99
5741.553
236.2466
0.0331
0.0479
1052.7
1971.2
3983.0386
9646.45
18437.39
17710.69
15547.39
12916.39
11700
10954
10044.1
6117.8
0.0049
0.0049
0.0049
0.0049
0.0049
225.64
3444.599
8659.99
5488.881
222.7863
0.0186
0.0397
593.59
1210.3
3460.4189
9545.244
19296.68
18418.91
16284.81
13973.52
12999.43
12525
11673.95
7454.705
0.0209
0.00523
0.0049
0.0049
0.0049
239.9072
3568.473
10354.02
8791.558
3611.3515
3420.0049
3420.0355
3420.0942
3975.79
5504.8582
11611.58
22529.26
19111.12
14409.062
11908.97
10815.3
9651.3
8882.6
5653.964
0.0085
0.00822
0.00822
0.00822
0.00725
152.9727
3551.684
10370.86
8794.326
3560.6695
3420.0116
3420.0214
3420.0304
3420.0366
3658.01
6854.664
14906.95
13735.7
12354.074
11802
10501.2
9042.7
8688.59
5498.479
0.00504
0.0049
0.0049
0.0049
0.0049
213.3979
3556.963
10351.34
8795.707
3609.6542
3420.0106
3420.0204
3420.0304
3420.0434
3554.2204
6860.587
16064.58
14322.2
12317.568
11841
11406
11000
10345.79
6521.945
0.0136
0.00606
0.0049
0.0049
0.0049
141.7843
3570.256
10363.34
8791.384
3534.0406
3420.0049
3420.0128
3420.0256
3420.0374
3554.4221
6860.48
14612.15
10638.1
9010.061
8933.7
8934
9470.4
9914.26
6498.732
0.0185
0.0127
0.00635
0.0049
0.0049
147.9545
3538.413
10432.73
8861.567
3546.5609
3420.0187
3420.0324
3420.0451
3420.0506
3662.9028
6856.268
14701
13065.2
11230.09
10864.5
10601.6
10332
9813.94
6336.222
0.0138
0.00839
0.0049
0.0049
0.0049
161.2308
3433.709
8642.7
5499.891
149.2266
0.0049
0.0049
0.0049
0.00735
201.6562
3443.906
9183.13
9114
8933.6
8933.6
8933.6
8933.6
8696.34
5489.694
0.00504
0.0049
0.0049
0.0049
0.0049
216.5307
3435.746
8637.41
5497.754
120.1631
0.0049
0.0049
0.0049
0.00733
209.1309
3433.96
9376.64
8933.6
8933.5
8933.6
8933.6
8933.6
8835.82
5493.665
0.00502
0.0049
0.0049
0.0049
0.0049
227.535
3484.47
10349.74
8820.35
3544.251
3420.0049
3420.0134
3420.0329
3420.0463
3528.2108
6853.981
15716.38
13679.1
11504.88
10860.3
10364.2
9848.6
9405.85
5997.89
0.011
0.00691
0.0049
0.0049
0.0049
249.3756
3560.028
10395.74
8814.578
3618.8543
3420.0151
3420.0416
3420.066
3420.0833
3668.8011
7974.469
19286.73
15934.85
12067.124
10961
10295.7
10349.3
9870.13
5760.15
0.0049
0.0049
0.0049
0.0049
0.0049
115.0505
3513.817
10405.71
8822.703
3575.0952
3420.0049
3420.0049
3420.0294
3420.0479
3572.1618
6864.602
16282.22
14726.5
12552.302
11826
11589
11196
10454.5
6691.791
0.0188
0.0104
0.0049
0.0049
0.0049
143.4679
3563.905
10409.84
8825.605
3537.1481
3420.0049
3420.0049
3420.0049
3420.0049
3611.1654
6854.581
12614.63
11456.8
9661.7
9150.3
8933.7
8933.6
8696.19
5497.116
0.00503
0.0049
0.0049
0.0049
0.0049
218.7057
3522.935
10338.03
8805.277
3555.5974
3420.0049
3420.0049
3420.0163
3420.0341
3534.8174
6861.008
14666.93
13056.2
11228.964
10912.5
10473.2
9870.1
9123.46
5498.12
0.00503
0.0049
0.0049
0.0049
0.0049
224.3192
3434.893
8660.29
5498.32
209.4948
0.0049
0.0107
0.0191
0.0226
116.8291
3434.122
10314.81
10424.5
10374.7
10134.1
9964.5
9839.3
9465.23
6007.492
0.0056
0.0049
0.0049
0.0049
0.0049
220.7853
3442.39
8679.06
5489.43
225.9315
0.0049
0.0112
0.0213
0.03
124.7002
3443.688
11028.48
11036
10628
10343.3
9870.5
9634.6
9254.49
5642.405
0.00491
0.0049
0.0049
0.0049
0.0049
123.9039
3557.559
10364.79
8806.59
3611.1767
3420.0049
3420.0049
3420.0082
3420.0144
3578.5188
6855.519
13568.71
11929.3
10121.89
9849.6
9703.2
9302.5
8766.2
5499.691
0.00504
0.0049
0.0049
0.0049
0.0049
210.8902
3555.285
10363
8795.875
3611.5236
3420.0049
3420.0049
3420.0049
3420.0049
3563.186
6854.179
13275.13
11853.1
10080.04
9856.1
9645.8
9262.3
8870.75
5497.039
0.00504
0.0049
0.0049
0.0049
0.0049
216.3935
3560.213
10346.39
8809.677
3550.3099
3420.0049
3420.0147
3420.0319
3420.0416
3666.415
6859.5
15124.02
13524.7
11610.027
11188
10764.8
10425.6
10491
6827.45
0.00683
0.0049
0.0049
0.0049
0.0049
237.2119
3544.964
10407.71
8837.662
3612.2117
3420.0049
3420.0107
3420.0174
3420.0332
3590.612
6859.5
14509.71
12976.5
11319.048
11300
10732.5
9893.9
9149.03
5490.692
0.00505
0.0049
0.0049
0.0049
0.0049
210.3107
3560.628
10383.03
8813.682
3600.1758
3420.0049
3420.022
3420.0344
3420.0379
3607.2468
6856.673
15776.25
14663.5
12574.22
11587
10555.5
9805.8
9106.22
5498.285
0.00504
0.0049
0.0049
0.0049
0.0049
210.8522
3434.301
8666.21
5499.299
223.384
0.0143
0.0292
0.0372
0.0462
251.4636
3435.819
12849.35
13614
12579
11744
10985
10591.1
10075.2
6224.62
0.0049
0.0049
0.0049
0.0049
0.0049
151.6247
3438.737
8728.58
5494.536
143.3277
0.0049
0.0049
0.0137
0.0222
786.868
4722.969
10397.11
10580.9
10674.6
10846.1
10592.4
9852
9468.65
5838.417
0.0049
0.0049
0.0049
0.0049
0.0049
236.4422
3569.861
10354.14
8796.129
3539.7276
3420.0049
3420.0202
3420.0338
3420.0415
3568.3823
6855.16
15687.99
14588.4
12184.93
10746
10132.4
9817.8
9428.25
5822.664
0.0049
0.0049
0.0049
0.0049
0.0049
220.5344
3564.876
10377.04
8810.872
3609.1665
3420.0049
3420.0049
3420.0144
3420.0291
3523.1389
6854.56
15853.68
14060.9
11946.07
11184
10410.1
9904.7
9382.43
5792.82
0.0049
0.0049
0.0049
0.0049
0.0049
145.7458
3547.468
10403.18
8856.768
3543.4968
3420.0049
3420.0049
3420.0128
3420.0358
3554.9022
6856.41
16771.75
16047.56
13069.029
11487
10327.2
9439.9
8788.19
5491.748
0.00508
0.0049
0.0049
0.0049
0.0049
181.6946
3550.896
10379.99
8793.239
3609.4968
3420.0049
3420.0049
3420.0232
3420.0361
3608.061
6854.58
15776.7
14835.26
12383.28
11734
11071
10389.6
9418.34
5495.11
0.00508
0.0049
0.0049
0.0049
0.0049
183.695
3545.41
10374.48
8792.8
3612.4058
3420.0049
3420.0049
3420.0123
3420.0243
3554.2001
6859.913
14528.91
12968.5
11068.495
10516.7
10064.6
9740.5
9281.34
5572.799
0.00494
0.0049
0.0049
0.0049
0.0049
217.047
3445.268
8650.84
5488.332
183.051
0.0049
0.00647
0.018
0.0305
103.6241
3434.695
11666.27
11739
11465
10910.1
10467.5
10129.5
9643.65
5900.6
0.0049
0.0049
0.0049
0.0049
0.0049
171.527
3445.268
8690.44
5488.332
138.141
0.0049
0.0128
0.0246
0.0382
111.6113
3444.31
11546.73
11430
11177
10654.9
10131.7
9793
9235.37
5587.339
0.0049
0.0049
0.0049
0.0049
0.0049
183.305
3525.883
10385.64
8839.05
3559.67
3420.0049
3420.00748
3420.0132
3420.0236
3662.0291
6859.5
14949.92
13577.9
11547.033
10896.9
10515.1
10217.1
9769.96
6303.306
0.0134
0.0061
0.0049
0.0049
0.0049
126.7016
3567.032
10401.5
8812.339
3525.8844
3420.0049
3420.00674
3420.0228
3420.0365
3572.2644
6854.54
15630.09
13734.4
11650.06
11091
10641.5
10422.7
10021.51
6273.169
0.00622
0.0049
0.0049
0.0049
0.0049
242.5127
3552.967
10393.5
8865.213
3614.205
3420.0049
3420.022
3420.0373
3420.0485
3557.9114
6963.7
15895.57
14045.4
12063.672
11602
11132
10653.9
9947.49
6037.519
0.0049
0.0049
0.0049
0.0049
0.0049
248.5208
3543.083
10368.78
8860.057
3612.1523
3420.0124
3420.0294
3420.0413
3420.0493
3655.3511
7561
16144.5
14976.15
12736.542
11875
10018.1
8933.7
8743.14
5496.108
0.00508
0.0049
0.0049
0.0049
0.0049
184.4117
3507.06
10360.83
8792.45
3611.357
3420.0049
3420.0049
3420.0049
3420.0163
3646.841
6855.133
14584.26
12950.1
11156.78
10620.5
9959.9
8933.2
8767.38
5499.049
0.00507
0.0049
0.0049
0.0049
0.0049
188.4697
3434.323
8673.86
5499.277
121.3083
0.0049
0.00972
0.0228
0.0324
125.8371
3438.334
11851.7
11969
12007
11673
11048
10373.2
9196.14
5498.242
0.00502
0.0049
0.0049
0.0049
0.0049
228.3422
3434.466
8646
5499.134
206.8354
0.0049
0.00904
0.0189
0.0285
115.763
3439.5
11474.53
11568
11377
10776.4
10262
9919.6
9223.59
5498.017
0.00496
0.0049
0.0049
0.0049
0.0049
215.8289
3535.154
10352.57
8795.483
3539.5802
3420.0159
3420.025
3420.0337
3420.0414
3554.9785
6863.466
15402.26
13851.6
12185.106
11864
11313
10657.7
9398.62
5498.319
0.00503
0.0049
0.0049
0.0049
0.0049
223.9004
3525.585
10348.41
8798.622
3556.4758
3420.0082
3420.0276
3420.0444
3420.0568
3574.3974
6857.86
16177.86
14297.6
12228.772
11623
11110
10587.4
10075.81
6433.584
0.0106
0.0049
0.0049
0.0049
0.0049
241.9749
3554.016
10376.18
8841.213
3535.8753
3420.027
3420.0381
3420.0476
3420.0533
3788.6264
7693.339
15659.56
14195.9
12555.395
12272
11792
11290
10587.37
6725.003
0.015
0.0049
0.0049
0.0049
0.0049
237.9539
3555.617
10384.95
8845.883
3527.1156
3420.0049
3420.0049
3420.0049
3420.0049
3573.2251
6863.199
12664.99
11316.2
9763.91
9625.8
9586.7
9130.7
8695.68
5488.358
0.00514
0.0049
0.0049
0.0049
0.0049
144.1672
3543.539
10385.99
8855.011
3597.9966
3420.0049
3420.0049
3420.0173
3420.0322
3539.4841
6858.24
14853.48
13334.8
11606.716
11331
10942
10535
9998.21
6314.267
0.0159
0.0154
0.0103
0.0049
0.0049
246.3764
3433.709
8660.29
5500.054
214.1671
0.01
0.0263
0.0388
0.0481
180.3948
3435.83
12187.71
12131
11647
11107
10493.5
9852.2
9338.89
6100.396
0.00653
0.0049
0.0049
0.0049
0.0049
238.8169
3443.717
8714.38
5489.586
133.3687
0.0049
0.0154
0.0302
0.0404
226.6875
3437.72
11291.63
11454
11268
10901.1
10550.5
10355.3
10040.38
6476.153
0.00768
0.0231
0.0286
0.00527
0.0049
220.468
3519.169
10371.97
9003.492
3600.8914
3420.0317
3420.0416
3420.0507
3420.0569
3640.7108
7227.368
15937.71
14361.8
12451.579
11894
11384
10837.1
10066.94
6255.448
0.00747
0.0049
0.0049
0.0049
0.0049
151.7771
3536.709
10362.59
8821.824
3619.6555
3420.0049
3420.00987
3420.028
3420.039
3561.7883
6859.6
15502.86
13837.3
12083.533
11678
11108
10573.8
9758.58
5918.48
0.0049
0.0049
0.0049
0.0049
0.0049
154.189
3500.243
10391.1
8786.01
3617.9429
3420.0049
3420.0276
3420.046
3420.0544
3623.6509
8011.92
18175.41
16117.54
12888.949
12072
11895
11688
10793.4
6432.933
0.00799
0.0049
0.0049
0.0049
0.0049
243.1569
3560.76
10389.17
8843.084
3600.5316
3420.0049
3420.0158
3420.0344
3420.0437
3719.2655
7796.42
15508.14
13881.04
12450.339
12090
11523
10978
9443.18
5498.26
0.00505
0.0049
0.0049
0.0049
0.0049
202.216
3533.046
10381.61
8808.665
3535.5987
3420.0228
3420.0378
3420.0517
3420.0639
4135.9821
9618.47
21227.35
18818.85
15188.335
14007.36
14374.07
14945
13559.03
8219.234
0.0348
0.0242
0.0122
0.0049
0.0049
186.5059
3436.029
8693.84
5497.571
221.2934
0.0112
0.0213
0.0311
42.437
1024.9826
5077.96
11584.41
11308
11099
11730
12897
13957
12333.99
6712.853
0.0128
0.00514
0.0049
0.0049
0.0049
207.9622
3439.726
8674.93
5493.558
164.9757
0.0181
0.028
0.0291
474.59
1094.585
5066.09
12386.5
12127
12042
11757
11321
10834.2
10186.72
6393.673
0.0106
0.0049
0.0049
0.0049
0.0049
209.3666
3554.034
10351.34
8795.566
3611.3565
3420.0049
3420.0129
3420.0259
3420.0343
3555.5432
6859.912
14045.61
12476.1
10692.25
10373.8
10209.6
10047.7
9625.21
6278.688
0.0105
0.0049
0.0049
0.0049
0.0049
226.5479
3565.347
10379.23
8797.955
3525.564
3420.0049
3420.0049
3420.00554
3420.0129
3602.8933
6853.789
14226.71
13215
11905.19
11440
10787.1
10296.3
9818.78
6381.969
0.0049
0.0049
0.0049
0.0049
0.0049
242.7741
3562.964
10364.69
8815.906
3618.0864
3420.0049
3420.012
3420.0307
3420.0464
3549.012
6862.863
16123.47
14452.8
12741.691
12078
11159
10398
9478.07
5725.06
0.00491
0.0049
0.0049
0.0049
0.0049
194.4989
3548.687
10396.42
8854.023
3558.5373
3420.0208
3420.037
3420.056
3420.0669
3571.7379
6863.03
16587.78
14917.5
13077.254
12384
11430
10264.3
9496.54
6174.616
0.00866
0.0049
0.0049
0.0049
0.0049
242.5625
3560.623
10375.29
8834.687
3610.0869
3420.0049
3420.0049
3420.0159
3420.0304
3542.7508
6857.425
15570.94
14087.4
12449.763
12119
11622
11091
10102.64
5893.923
0.0049
0.0049
0.0049
0.0049
0.0049
219.1618
3444.096
8655.32
5489.504
196.8297
0.00962
0.023
0.0347
0.0482
681.8882
5095.26
13961.09
13922
12924
12335
11697
11181
10312.61
6354.73
0.00567
0.0049
0.0049
0.0049
0.0049
225.3036
3435.517
8674.71
5498.183
122.7734
0.0313
0.0491
0.056
707.98
1531.5898
6873.654
15769.03
15327.44
13885.37
12736
11904
11217
10315.63
6292.197
0.00491
0.0049
0.0049
0.0049
0.0049
184.2728
3567.606
10364.67
8799.381
3607.4764
3420.0049
3420.0049
3420.0266
3420.0422
3594.9073
7642
16008.55
14399.54
12355.43
11749
11168
10537
9570.67
5495.903
0.00498
0.0049
0.0049
0.0049
0.0049
238.283
3517.265
10368
8838.171
3572.1895
3420.0049
3420.0114
3420.0249
3420.038
3533.9818
6855.522
15972.13
14593.8
12691.065
11552
10259.2
9640.9
8817.06
5491.22
0.00503
0.0049
0.0049
0.0049
0.0049
222.987
3505.648
10367.34
8828.172
3552.911
3420.0262
3420.0362
3420.051
3420.0599
3578.2415
6862.982
16391.27
14845.2
13184.28
12676
11984
11280
10516.21
6652.307
0.0142
0.0049
0.0049
0.0049
0.0049
220.8136
3544.579
10369.56
8868.631
3534.1504
3420.0049
3420.0049
3420.0133
3420.0271
3556.8696
6859.6
15641.09
14211.2
11929.312
10903.1
10072.2
9643.7
9448.72
6248.875
0.0133
0.0049
0.0049
0.0049
0.0049
242.1307
3548.125
10404.15
8852.845
3609.9852
3420.0049
3420.0117
3420.0208
3420.0202
3664.2737
6863.667
12916.78
11471.9
9420.118
8933.4
8933.6
8933.7
8735.78
5499.872
0.00504
0.0049
0.0049
0.0049
0.0049
212.7295
3435.18
8666.59
5498.52
222.2848
0.0049
0.0049
0.0113
0.0226
246.5994
3439.647
10737.72
11068
11095
10654.9
9498
8933.3
8723.95
5496.708
0.00504
0.0049
0.0049
0.0049
0.0049
129.7973
3434.698
8638.92
5499.002
157.0764
0.0049
0.012
0.0439
0.0647
246.1909
3440.57
14128.75
13855
13439
12832
12168
11350
9867.61
5491.46
0.00506
0.0049
0.0049
0.0049
0.0049
117.8593
3496.028
10363.02
8795.495
3604.1359
3420.0332
3420.0421
3420.0421
3420.0512
3642.5
6855.459
16369.93
15113.6
13639.36
13090
12161
11162
10143.71
6223.94
0.0049
0.0049
0.0049
0.0049
0.0049
163.8464
3555.043
10405.63
8911.767
3549.1695
3420.0179
3420.0121
3420.0377
3420.0631
3544.7555
6858.42
16826.33
15216.9
13404.037
12715
11655
10285.7
9055.01
5498.221
0.00508
0.0049
0.0049
0.0049
0.0049
186.815
3513.548
10391.47
8803.423
3545.8434
3420.019
3420.0318
3420.042
3420.0565
3648.1174
6859.08
16737.45
15255.8
13235.164
12301
11097
10236.5
9727.16
5858.867
0.00491
0.0049
0.0049
0.0049
0.0049
119.6753
3568.508
10407.15
8801.16
3573.1568
3420.0348
3420.0546
3420.072
3420.0841
4034.5704
8991.38
19941.4
16772.38
13918.556
12685
10983
10303
9456.49
5494.547
0.00506
0.0049
0.0049
0.0049
0.0049
197.2058
3547.086
10397.7
8867.104
3539.9264
3420.0185
3420.0413
3420.0635
3420.0865
3528.2993
7901.09
21095.81
19188.43
15435.74
12919.32
11878
10966
9664.36
5496.236
0.00505
0.0049
0.0049
0.0049
0.0049
207.286
3434.353
8660.83
5499.347
227.4324
0.0319
0.0502
588.96
986.28
2713.1761
9005.314
20260.31
19330.87
16770.69
13795.57
12005.79
10931
9683.91
5496.475
0.00497
0.0049
0.0049
0.0049
0.0049
160.4729
3435.136
8646.85
5499.427
197.2707
0.0393
0.0701
922.09
1294.347
2885.2398
9406.62
20628.82
20248.85
18327.8
15103.16
12398.33
10830.1
9226.87
5489.291
0.00508
0.0049
0.0049
0.0049
0.0049
178.8935
3549.111
10369.85
8838.808
3564.0269
3420.0351
3420.0558
3420.072
3763.726
5510.7127
10974.183
23675.33
21230.56
17233.53
13885.45
11989.42
10923.8
9571.16
5496.892
0.00509
0.0049
0.0049
0.0049
0.0049
176.077
3491.493
10386.73
8795.536
3576.8336
3420.0512
3420.0735
3420.0869
3830.98
5072.5468
10724.02
23329.52
21300.74
17280.656
14126.27
11930.57
10270.5
9495.49
5491.385
0.00502
0.0049
0.0049
0.0049
0.0049
223.8138
3513.32
10387.93
8785.019
3544.4675
3420.0281
3420.0545
3420.081
3935.47
5086.1645
10555.148
23172.14
20912.6
17341.52
14598.83
12982.06
11963.13
10967.97
6579.909
0.0049
0.0049
0.0049
0.0049
0.0049
159.1704
3487.576
10372.87
8825.594
3546.3698
3420.0447
3420.0612
3756.51
4534.6
6012.5738
11939.92
22584.64
20268.67
16307.119
13284.36
11527.31
10493.4
9543.22
5783.405
0.00491
0.0049
0.0049
0.0049
0.0049
191.1892
3569.721
10374.64
8791.969
3617.2795
3420.0489
3420.0585
3656.9
4100.59
5249.4473
10446.564
20581.71
18732.73
15433.98
13057.28
11893
10839.7
9868.63
6157.363
0.0063
0.0049
0.0049
0.0049
0.0049
162.7899
3445.191
8644.83
5488.409
118.0993
0.0359
0.0521
698.67
1134.4
2942.1118
9208.96
18286.9
17893.12
15663.1
13425.35
12504.01
11692
10856.49
6709.729
0.0049
0.0049
0.0049
0.0049
0.0049
210.3889
3433.833
8643.84
5499.351
182.7939
0.0346
906.18
1757
2647.26
4497.0844
10478.27
20032.83
18228.7
15753.59
13594.09
11954.69
10859.2
9998.57
6364.671
0.0136
0.00506
0.0049
0.0049
0.0049
223.7246
3514.167
10381.26
8828.153
3532.0287
3420.0206
3420.0331
3420.043
3420.0545
3834.1478
8450.32
19950.74
18652.14
15537.494
13255.01
12074
11180
9981.1
5492.227
0.00516
0.0049
0.0049
0.0049
0.0049
130.817
3531.353
10403.24
8838.233
3537.969
3420.0385
3420.0522
3420.0656
3420.0786
5004.4019
10729.47
22981.27
21077.28
17643.85
14881.89
12975.92
11918
10885.26
6610.405
0.0049
0.0049
0.0049
0.0117
0.00833
153.272
3552.524
10369.68
9245.355
3615.5935
3420.0736
3420.0829
3851.54
4386.09
5988.1156
11888.02
21408.74
20520.05
18015.99
15372.67
13528.55
12281
11247.28
7407.012
0.0248
0.0161
0.0135
0.0109
0.00693
196.8392
3562.112
10552.68
10253.716
3603.2728
3420.0674
3591
4232.97
5334.761
7581.2705
13967.43
24780.98
21737.3
17035.442
14320.74
12902.43
11962.42
10394.05
5903.864
0.0049
0.0049
0.0049
0.0049
0.0049
249.8462
3541.6
10397.63
9385.19
3586.9392
3420.0392
3420.0589
3669.12
4154.994
5716.4465
11680.182
23070.58
20452.32
16558.829
14319.16
12813.75
11667
10505.74
6541.976
0.00497
0.0049
0.0049
0.0049
0.0334
99.3524
3444.607
8673.7
5488.972
184.6325
0.0338
833.33
1330.8882
2312.7351
3909.2735
10325.451
20741.17
20350.6
18385.76
15222.96
12475.91
10968.36
9870.85
5910.231
0.0049
0.0049
0.0049
0.0049
0.0049
184.6387
3435.156
8677.33
5498.99
183.8673
0.0049
0.0201
0.0355
0.0522
1056.1102
6776.92
16827.93
16269.65
14570.15
13412.36
12677
11971
11066.23
7080.828
0.0179
0.0049
0.0049
0.0049
0.0049
228.5006
3555.588
10369.67
8819.402
3545.8505
3420.0262
3420.039
3420.0481
3420.0626
3659.0529
8032.96
19428.31
18382.11
15579.4
13504.49
12472
11479
10366.52
6394.697
0.0049
0.0049
0.0049
0.0049
0.0049
116.3321
3519.176
10344.52
9992.04
3585.0164
3420.0597
3420.0788
3610.04
4013.32
5438.0783
11177.936
21736.4
19121.03
15653.459
13492.35
12434.08
11756
10965.79
7042.694
0.0171
0.0049
0.0049
0.0049
0.0049
187.5768
3560.151
10409.11
8793.415
3583.7201
3420.0415
3420.0873
3863.0484
4834.789
6901.4927
11690.861
25089.14
21236.84
17048.149
14647.14
13212.03
12139
11135.41
7219.913
0.0235
0.0123
0.0049
0.0049
0.0049
250.5273
3551.33
10381.03
8794.943
3552.2483
3420.0445
3422.5793
3924.28
4738.06
6300.7223
11330.649
20916.15
16464.2
11514.841
9953.6
9892.1
9930.5
9703.48
6457.008
0.0121
0.0049
0.0049
0.0049
0.0049
166.9457
3533.743
10360.74
8798.755
3608.2973
3420.019
3420.0475
3420.0855
3420.10619
3832.1142
7974.627
19586.59
17352.16
14784.3
13694
13128
12638
11605.49
7290.622
0.0183
0.0049
0.0049
0.0049
0.0049
153.5902
3444.115
8644.41
5489.91
192.9108
0.00966
0.0472
0.0914
781.97
2919.7999
10117.469
20842.72
20150.72
17307.18
14215.94
12894.94
12151
10786.63
6152.612
0.0049
0.0049
0.0049
0.0049
0.0049
247.4016
3436.888
8680.33
5715.859
226.8265
0.0417
648.69
1775.4
2262.41
4586.8358
10563.017
21448.21
19659.49
16683.99
13380.74
10871.7
10298.8
9262.94
5498.343
0.00507
0.0049
0.0049
0.0049
0.0049
241.8657
3525.692
10366.1
8863.796
3540.5255
3420.0049
3420.0308
3420.0615
3420.0818
3723.6352
9388.07
21388.38
20097.4
16447.53
13652.35
12429.26
11971
11073.19
6855.574
0.0123
0.0049
0.0049
0.0049
0.0049
241.749
3535.873
10374.35
8857.031
3556.0035
3420.04
3420.0639
3579.98
4517.83
6269.0599
12089.831
22900.67
19711.36
15581.429
13492.14
12669.38
12042
11271.34
7271.844
0.0146
0.0049
0.0049
0.0049
0.0049
191.1075
3515.57
10379.54
9222.887
3562.6371
3420.0364
3463.574
4010.27
4762.06
5958.5449
11197.91
20642.32
17724.83
14170.18
12583.82
11845
11167
10133.28
5945.955
0.0049
0.0049
0.0049
0.0049
0.0049
249.6494
3519.786
10395.89
8857.439
3565.6279
3420.0302
3420.052
3420.0616
3420.0717
4165.5472
10003.981
20239.52
17974.67
14197.42
11887.28
11145
10737
9952.32
6062.795
0.0049
0.0049
0.0049
0.0049
0.0049
126.9255
3525.793
10376.08
8872.915
3612.4514
3420.04
3420.0457
3420.0502
3840.21
4560.9546
9383.81
18093.67
17063.72
13692.43
11916.23
11431
10910.9
10091.04
6179.994
0.0049
0.0049
0.0049
0.0049
0.0049
178.0194
3434.702
8642.15
5499.136
183.3276
0.0349
665.55
1563
2248.761
4272.0642
9824.31
17847.11
16144.72
14246.93
12938.95
12362
11746
10853.05
6628.251
0.00491
0.0049
0.0049
0.0049
0.0049
236.3131
3434.767
8697.06
5498.933
117.4765
0.0273
0.0406
530.31
1537.9
2494.6848
7124.677
14911.6
14197.68
12889.58
12491
12168
11808
11090.47
7343.254
0.0274
0.0134
0.0049
0.0049
0.0049
239.7078
3534.837
10378.34
9695.303
3599.3017
3420.0567
3420.0766
3420.0962
3872.52
4966.8301
10458.314
21233.69
17937.71
14254.45
12888.12
12202
11417
10669.67
6708.268
0.00991
0.0049
0.0049
0.0049
0.0049
171.1685
3568.443
10377.24
8803.977
3600.8611
3420.0616
3481.637
4116.3014
5252.429
7398.6361
13155.06
24223.5
21900.87
18110.434
15155.46
13167.16
12162.51
11265.26
7338.578
0.0278
0.0215
0.0151
0.00814
0.0049
127.8497
3564.296
11150.51
9963.092
3579.5748
3420.0441
3420.0642
3993.19
4996.005
6958.5053
13378.43
23978.28
21832.48
17866.858
14569.07
12938.72
12227.74
11785.84
8081.815
0.0415
0.0335
0.0254
0.0167
0.0156
224.286
3504.488
12027.34
10972.655
3552.2144
3967.68
4793.5
5892.44
6592.11
8147.7791
14409.83
26464.71
21839.8
17217.678
15855.29
15855.47
16320.98
13979.72
8002.67
34.898
0.0166
0.0049
0.0049
0.0049
224.2204
3555.913
10599.61
9477.857
3600.7618
3420.0302
3420.0441
3939.35
4619.015
6114.4351
11178.659
20187.07
16484.27
13045.6
12156.26
12034
12126
10900.12
6283.804
0.0123
0.0049
0.0049
0.0049
0.0049
228.363
3444.834
8669.29
5957.266
237.9424
0.0331
0.0467
0.0585
806.86
2357.2843
7054.46
15328.54
14388.77
12965.57
11949
11073
10482.4
9759.71
6255.409
0.0153
0.00809
0.0049
0.0049
0.0049
172.1502
3434.228
8676.81
5628.998
222.942
0.0353
0.0501
508.11
1697.7
2787.2413
7774.745
15645.15
15860.36
14262.32
12216.54
11249
11048
10755.03
7095.774
0.0132
0.0049
0.0049
0.0049
0.0049
218.3186
3517.51
10413.67
8922.732
3530.0496
3420.0494
3420.0601
3420.0743
4021.1
4751.2979
10309.19
21941.75
18683.98
14357.512
13190.73
12333
11550
10804.8
6095.75
0.00893
0.00893
0.0049
0.0049
0.0049
133.0039
3514.551
10392.68
8905.262
3599.0986
3420.0573
3420.0697
3752.82
4447.999
5489.9205
10615.961
20237.45
17674.41
15178.486
12740.71
11425
10687.1
10365.86
7268.923
0.0288
0.0213
0.0205
0.0137
0.00622
166.4141
3531.076
11108.48
10669.555
3537.2846
3420.0648
3618.9
4448.8
5482.654
6989.7721
13384.671
23637.46
21543.89
17784.635
14288.35
12005.08
10775.13
9737.08
5875.342
0.00491
0.0049
0.0049
0.0049
0.0049
152.7536
3564.611
10368.38
8807.927
3591.823
3420.0452
3420.0642
3617.66
4251.62
6003.7259
11762.4
22133.74
19876.67
16317.629
13384.74
12119.61
11300
10415.44
6313.843
0.0049
0.0049
0.0049
0.0049
0.0049
224.1733
3553.27
10338.77
8793.701
3598.0583
3420.00932
3420.0443
3426.6233
4133.93
6298.1069
11172.834
20918.18
17897.61
14265.96
12233.41
11360
10588
9688.57
5491.05
0.00502
0.0049
0.0049
0.0049
0.0049
247.0937
3442.95
8653.99
5490.676
120.1717
0.0516
1112.7
1726.6
3008.264
4129.4053
8687.09
18225.8
17853.15
15167.12
12675.89
11989
11581
10610.55
6082.466
0.0049
0.0049
0.0049
0.0049
0.0049
0.0049
230.4101
3444.284
8680.74
6736.953
493.6831
1901.9
2741.78
3949.12
5494.19
7493.5957
12881.235
23571.17
19971.5
14256.9
11346.01
10106.17
9793.8
9259.69
5494.401
0.0049
0.0049
0.0049
0.0049
0.0049
124.1053
3534.357
10374.5
9417.093
3525.1173
4431.6
5368.459
6452.12
7885.35
10098.3796
15222.91
23505.45
20215.99
15121.672
12049.86
10743.78
10236.3
9238.81
5493.473
0.0049
0.0049
0.0049
0.0049
0.0049
241.6866
3493.819
10414.98
10625.397
4408.1319
5002.5445
5855.79
6608.15
8101.68
10058.1804
15597.62
25114.09
19865.97
15573.132
13181.64
11775.13
11488.83
10763.93
6584.463
0.0119
0.0049
0.0049
0.0049
0.0049
180.0422
3554.373
10617
11509.489
4873.7593
6048.552
7018.48
8054.97
8552.11
9926.3803
13551.564
24051.31
19854.84
15580.65
14069.06
12941.55
11853.76
11083.65
7751.65
0.0296
0.0108
0.0049
0.0049
0.0049
150.0013
3546.97
10415.62
10157.304
3539.7509
3420.0663
3491.664
4438.504
5772.06
6613.7418
10993.908
20430.29
17662.12
13738.54
12364.05
11747
11638
11204.05
7343.996
0.0299
0.0232
0.0134
0.0154
0.0121
116.4297
3561.233
10915.97
10164.617
3579.5548
3420.0659
4146
5598.4
7196.34
8328.2167
12463.888
22077.23
17737.01
13965.95
12910.76
12445
11891
11031.91
7138.44
0.0201
0.0102
0.0049
0.0049
0.0049
231.1835
3441.159
9256.39
6841.003
230.8341
1354.2
2538.929
3733.27
4933.11
6196.9836
10991.11
18947.62
15994.02
12321.61
10952
9772.1
8933.6
8707.83
5490.556
0.0049
0.0049
0.0049
0.0049
0.0049
231.0717
3437.583
8704.15
7215.282
151.7709
775.68
2147.8
3448.86
5026.43
6335.0051
11112.411
18847.85
16344.36
13772.51
12405.55
11688
11193
10740.11
7238.467
0.0286
0.0236
0.0182
0.0154
0.0143
211.4709
3551.935
11949.27
10976.055
3548.0129
3420.0696
4029.95
4829.43
6318.65
7527.3604
11969.289
18936.36
14637.36
10709.99
9762.9
8933.6
8933.6
8729.65
5492.487
0.0049
0.0049
0.0049
0.0049
0.0049
217.4301
3492.987
10375.39
11137.306
3592.8258
3465.628
4251.65
5104.271
6611.91
7792.4566
12146.747
20537.37
16913.63
13237.17
12161.02
11204
10612.3
10204.18
6854.671
0.0191
0.00654
0.0049
0.0049
0.0049
203.6143
3558.124
11197.14
10651.736
3527.0256
3420.0763
3440.354
4398.765
5315.584
6474.6867
10649.94
17788.56
13683.55
10903.47
10786.2
10434.7
10091.3
9723.28
6363.04
0.0167
0.0131
0.00932
0.00706
0.0049
235.9696
3515.66
11854.86
11271.963
3531.1151
3420.0686
3435.715
3835.49
3863.75
3921.621
7379
12731.65
10656.1
9009.213
8933.6
8933.6
8933.6
8702.23
5496.511
0.0049
0.0049
0.0049
0.0049
0.0049
246.0195
3488.689
10360.24
9578.824
3599.7939
3420.0551
3420.0703
3420.0772
3427.3099
3978.5995
8222.509
15740.68
13521.1
11318.274
10741.8
10095.9
9699.4
9402.04
6062.167
0.0114
0.00898
0.00725
0.00648
0.00552
211.3269
3436.164
9498.2
7271.281
145.1534
0.0536
0.0423
992.75
1592.8
2178.12
6391.82
12081.87
12340
12213
11758
11244
10753.2
10271.78
6582.507
0.0183
0.0174
0.0164
0.0157
0.0146
230.3053
3437.87
9985.84
7362.318
103.2043
5.1375
1330.7
1880.9
2547.553
3496.9836
7669.91
14677.84
13127
12338
11877
11343
10738.1
9878.41
5867.57
0.0049
0.0049
0.0049
0.0049
0.0049
96.9262
3505.48
11851.89
10933.44
3619.4645
3420.0626
3420.0723
3939.57
5216.06
6910.9464
11778.75
20005.58
15928.14
12376.268
11445
10487.2
9801.8
9200.86
5489.764
0.0049
0.0049
0.0049
0.0265
0.0255
140.8505
3542.62
11752.83
10852.201
3569.9669
3420.0579
3823.1
4719.01
5781.99
6844.6972
10538.91
19371.47
16077.76
12260.835
11547
11064
10596.6
9902.74
6059.95
0.00634
0.00774
0.0132
0.0106
0.0049
212.1491
3557.622
10948.52
10629.273
3527.6661
3570
4486.1
5402.35
7305.31
8946.9372
14033.177
23317.32
19222.91
14108.021
11990.66
10662.8
9421.6
8776.96
5491.895
0.0049
0.0049
0.0049
0.0049
0.0049
227.6718
3548.536
10968.59
10629.279
4127.198
4698.8242
5611.94
6892.58
7687.16
8788.9011
13888.51
23114.92
19064.68
13348.596
10354.22
10184.1
10360.5
9703.07
6038.928
0.00642
0.0049
0.0049
0.0049
0.0049
242.4836
3561.617
10381.93
10279.333
3958.8837
4957.7377
5871.092
7077.59
8163.68
9483.974
14763.989
24480.01
20322.26
15374.982
13195.45
11985.45
11207
10259.34
6197.389
0.00644
0.0049
0.0049
0.0049
0.0049
130.0983
3440.085
9328.18
7011.781
2396.6146
3506.353
4786
5990.07
6987.94
8621.5713
13867.074
22895.22
19407.7
15436.36
13253.26
11733.31
10780.15
9901.37
5708.59
0.0049
0.0049
0.0049
0.0049
0.0049
118.3056
3436.219
9809.19
6958.681
1526.8542
2651.8
4460.82
5682.94
6772.81
8396.2158
13466.037
22123.29
18965.24
14076.43
11003.28
9811.39
9200.7
8748.62
5498.15
0.0049
0.0049
0.0049
0.0049
0.0049
227.1518
3508.71
11297.37
10614.518
3524.0999
3561.94
4602.2
5707.13
7485.51
9059.3868
14335.81
23691.45
19081.19
14798.73
12807.43
11788.16
11318
10703.54
7022.509
0.0229
0.017
0.0109
0.0049
0.0049
248.831
3505.151
10927.22
10380.969
3540.506
3505.321
4158.75
4910.84
6733.15
8416.0502
13619.28
21716.98
17570.37
13050.58
11647.97
11088
10460.3
9575.61
5592.17
0.0049
0.0049
0.0049
0.0049
0.0049
122.8871
3550.725
10911.03
10056.91
3523.7435
3420.0408
3420.0334
3420.0557
3420.0827
3664.5949
6858.52
16297.63
14144.8
11897.809
11020
10137.6
9520.1
9019.34
5567.076
0.0049
0.0049
0.0049
0.0049
0.0049
249.393
3518.185
10555.94
10190.021
3607.9665
3420.052
3420.0661
3420.0778
3421.9179
4086.807
8426.812
16177.92
14628.8
12604.039
11822
11053
10450
9791.45
6132.579
0.0141
0.0191
0.0202
0.0222
0.0282
145.0312
3498.871
12803.25
11579.209
3519.9207
3420.0719
3420.0829
3855.56
4756.983
6363.2161
11036.01
20107.63
15485.85
12279.405
11545
10856.4
10321.3
9647.2
5984.38
0.00978
0.0107
0.0114
0.00958
0.00628
148.8437
3442.608
9818.98
7277.592
153.4758
0.051
0.0358
0.0245
237.17
1519.9201
5445.804
10644.96
9872.9
9464.5
9472.5
9480.4
9421.6
9111.99
5753.313
0.00731
0.00553
0.0049
0.0049
0.0049
239.8205
3442.958
9490.36
7109.842
242.3409
0.0577
54.283
1478.5
1997.6
2704.6347
6748.208
12716.52
12180
11698
10989
10154.7
9446.3
8815.99
5499.379
0.0049
0.0049
0.0049
0.0049
0.0049
181.917
3541.83
10388.49
8795.266
3546.8512
3420.0342
3420.0522
3420.0581
3420.0561
3528.5117
7045.53
15253.94
13800.6
11644.754
10542.3
9265.4
8933.5
8687.79
5496.881
0.0049
0.0049
0.0049
0.0049
0.0049
240.3471
3531.999
10628.83
10206.311
3534.235
3420.0643
3420.075
3420.0803
3819.393
4339.1716
9391.66
18157.39
15769.02
12418.12
11655
10894.4
10170.4
9280.96
5497.41
0.0049
0.0049
0.00576
0.0133
0.0214
235.354
3537.086
12753.11
11557.5
3542.6976
4074.48
5166.82
6372.18
7654.59
9003.7717
14230.964
22666.81
19018.4
14389.363
12263.08
11119
10322.5
9590.44
5879.658
0.0049
0.0049
0.0049
0.0049
0.0049
161.1842
3535.489
10876.21
10098.597
3574.2672
3420.0626
3523.8
4517.173
6342.08
8399.6399
13906.086
22766.02
18721.4
13159.43
10881.94
9754.9
8933.5
8708.99
5494.555
0.0049
0.0049
0.0049
0.0049
0.00913
176.112
3540.975
11864.27
10650.368
3575.3234
3657.11
5030.299
6422.37
7802.36
8729.3734
12909.19
19963.68
16046.26
12468.084
11512
10695.4
10108.3
9609.07
6084.453
0.00643
0.0049
0.0049
0.0049
0.0049
195.0754
3440.081
8998.32
7749.418
665.952
2354.5345
3489.77
4838.13
6628.54
8018.9103
12501.58
19123.52
16090.86
13097.02
11391.14
10682.1
10296.6
9953.36
6362.711
0.0125
0.0049
0.0049
0.0049
0.0049
222.9163
3445.29
8687.97
5811.41
213.5091
0.0358
0.0204
0.0142
0.0389
2017.8268
6875.28
12800.07
12327
11611
10813
10371.2
9935.7
9348.85
5948.707
0.0116
0.0116
0.0117
0.0108
0.0091
241.719
3521.215
11340.89
10247.681
3608.5028
3420.0411
3420.0478
3420.0539
3420.0589
3643.6902
8577.17
16305.81
14880.4
12873.58
11762
10569.4
9661.4
8983.79
5497.766
0.0049
0.0049
0.0049
0.0049
0.0049
145.7756
3546.463
11165.26
10001.133
3592.0842
3420.0585
3420.0698
3420.0799
3820.04
5203.1164
10196.207
18312.86
14641.02
12108.95
11500
10755.5
10225.1
9857.42
6488.246
0.0183
0.0174
0.0173
0.0163
0.0145
199.922
3497.506
11715.55
10640.835
3602.5352
3420.0704
3420.0886
3420.0956
4102.622
6482.9591
12162.098
21555.47
17989.52
13435.89
12353
11706
11193
10599.62
6972.19
0.025
0.0223
0.0198
0.0171
0.0145
138.5115
3506.389
11871.21
10914.549
3596.2868
3420.0687
3860.64
5113.62
6724.94
8379.2945
13399.527
22325.36
18923.63
14183.39
12465.72
11526
10966
10622.97
7296.829
0.0319
0.0284
0.0245
0.0205
0.0179
103.0983
3545.207
11389.15
10114.683
3596.2012
3420.0565
3420.0714
3572.52
5089.17
7197.032
12404.194
20740.5
17339.38
12722.68
11843
11133
10511
9804.96
6045.048
0.00711
0.0049
0.0049
0.0049
0.0049
232.428
3435.094
8656.49
5772.406
218.5521
435.56
2284.4
2938.34
4537.77
5551.7131
9207.2
14293.81
10996.83
10103
10029.6
9959
9802.9
9357.97
5913.641
0.00811
0.0049
0.0049
0.0049
0.0049
218.6618
3434.2
9529.41
6974.5
220.4987
0.0411
0.0468
0.0542
857.64
2662.1417
7511.27
14495.03
13772.31
12415
11510
10486.5
9731.2
9270
5563.182
0.0049
0.0049
0.0049
0.0049
0.0049
239.528
3544.659
10516.05
9851.091
3545.0094
3420.053
3420.0679
3751.5
4829.86
6673.3107
12076.642
20914.33
18211.01
13491.172
11766
10300
9669
9626.01
6605.474
0.02
0.0141
0.00787
0.0049
0.0049
194.1018
3557.59
11779.13
10990.7
3527.37
3420.0718
3960.14
5169.14
6701.2
7674.9905
12375.68
19410.84
15635.6
11731.83
10682.9
9623.4
8933.6
8695.6
5490.71
0.00491
0.0049
0.0049
0.0049
0.0049
251.7327
3551.586
10852.55
10286.384
3596.0087
4275.12
5306.06
6445.77
7730.33
9373.1941
14608.224
23512.69
19352.69
14231.2
12113.85
11350
10888.2
10322.44
6754.805
0.021
0.0168
0.0128
0.00862
0.0049
180.6274
3567.519
11910.01
11481.234
3528.3161
4625.2
5912.16
6963.46
8303.42
9919.2094
15171.24
25076.85
21290.38
15502.87
12606.7
11084
10395.1
9902.11
6372.351
0.0144
0.00917
0.0049
0.0049
0.0049
152.6152
3545.387
11546.58
10992.116
4384.6366
5342.227
6590.21
7677.13
8622.2
9206.0934
13663.16
23027.51
19106.99
14897.69
13061.6
12129
11595
10954.69
7250.977
0.0259
0.0185
0.0114
0.00822
0.00914
241.0647
3442.522
10231.22
7743.378
559.2947
2173.3
3452.741
4796.02
5790.01
6487.9711
10882.276
18260.23
15886.63
12612.34
10857.9
9574.9
8933.6
8689.65
5494.221
0.00492
0.0049
0.0049
0.0049
0.0049
163.6188
3443.43
9165.97
7465.829
1598.7139
2878.6
4110.13
4997.72
6108.42
7140.6747
11526.955
18914.44
16004.56
12655.42
11133.46
10288.2
9730.5
9290.67
5629.036
0.0049
0.0049
0.0049
0.0049
0.0049
114.0692
3560.546
11276.26
10395.824
3590.6046
3420.0593
4183.16
5114.538
6537.05
7727.7487
12749.491
21606.85
18284.59
13616.697
12345
11782
11155
10284.51
6274.114
0.00881
0.0049
0.0049
0.0049
0.0049
143.4086
3543.847
11155.14
10878.627
3524.258
4650.3
5465.312
6459.55
7677.87
9174.2742
14759.646
24851
21272.34
15593.182
12817.29
11241.67
10555.9
10106.79
6675.496
0.0184
0.0105
0.0049
0.0049
0.0049
203.364
3528.28
11362.03
10452.931
3546.1608
4008.72
5488.335
6721.42
7936.25
9578.4714
15082.87
24990.86
21528.4
15701.36
12546.12
11227
10461.9
9913.82
6393.007
0.0138
0.00865
0.0049
0.0049
0.0049
156.1443
3552.831
10913.76
9757.629
3560.9291
3420.0515
4359.06
5447.942
6990.9
8421.8854
13204.933
20536.76
16359.84
12216.889
11521
11063
10535.6
9771.59
5989.44
0.00827
0.00727
0.00649
0.0049
0.0049
213.4247
3535.848
11457.68
11383.326
3566.3526
4847.5
6170.51
7043.85
8154.75
9806.0555
15165.134
24133.6
20126.81
14005.9
11188
9970.1
9176
8733.94
5495.546
0.00493
0.0049
0.0049
0.0049
0.0049
134.7466
3441.635
9607.38
6935.038
1932.7356
3039.73438
4758.29
5700.25
6806.16
8515.5101
13838.937
22715.6
20236.7
15129.06
12579.48
11362
10542.4
9320.48
5497.385
0.00491
0.0049
0.00668
0.00921
0.00538
198.5819
3434.125
10035.4
7832.857
1246.8549
3050.442
4686.8
5723.4
7167.57
8584.7469
13259.456
21253.84
18606.43
14375.09
11792.44
10487.7
9704.1
9190.89
5638.921
0.0049
0.0049
0.0049
0.0049
0.0049
222.8391
3570.833
10800.09
10172.867
3559.8103
3420.0343
3420.0343
3830.63
4887.774
6759.2404
11776.72
20029.29
17027.93
13035.16
11502
10066.6
9133.2
8752.4
5492.552
0.00496
0.0049
0.0049
0.0049
0.0049
187.0308
3560.284
11653.85
10979.064
3521.7156
3428.5384
3932.32
4596.4
6429.97
8293.0026
13958.029
24482.87
21465.85
15903.132
13554.43
12487
11793
11209.52
7596.033
0.0318
0.0237
0.0158
0.0139
0.0166
211.5471
3536.575
12516.32
11605.934
3650.1964
4975.1
6178.33
7227.45
8930.33
10815.6475
15592.663
24564.48
19884.09
15247.85
13070.7
11978
11387
10700.45
7049.4
0.0259
0.0224
0.0194
0.0154
0.0113
228.1079
3566.008
12560.08
12194.9
3923.4375
5227.65
6770.75
7730.37
9111.47
10315.2876
14707.55
22667.06
18363.21
14174.42
12570.01
11831
11250
10465.36
6324.119
0.0118
0.0129
0.0138
0.0118
0.0091
119.4972
3566.212
11865.96
11184.268
4033.6107
5449.184
7074.12
7955.81
9262.75
11029.2304
16376.2
24450.39
20254.6
14547.393
11491.86
9989.5
8974.7
8694.46
5496.584
0.00503
0.0049
0.0049
0.0049
0.0049
238.6091
3433.766
8968.16
6725.634
341.7507
1410.9
2553.2
3443.21
4627.52
5656.9859
10474.146
17026.17
15153.33
11477
10063.9
8952.4
8933.6
8786.34
5493.215
0.00502
0.0049
0.0049
0.0049
0.0049
190.9924
3444.003
8876.68
7254.117
808.5125
2370.9
3102.24
4496.26
6223.63
8146.7795
13641.165
22537.2
20690
15789.76
13068.55
11396.77
10447
9438.43
5492.597
0.00502
0.0049
0.0049
0.0049
0.0049
252.6549
3557.546
10768.36
9748.174
3583.3539
4712.5
6069.1
7229.9
8122.86
7294.5247
11772.73
19733.05
17601.55
13214.184
11674.78
10671.6
9880.5
9343.85
5815.571
0.00785
0.00769
0.00774
0.0049
0.0049
112.504
3555.51
10401.13
8954.932
3532.4834
3420.048
3562.99
4769.21
6467.15
8320.2963
13754.891
21888.45
18782.02
13351.51
11161.38
10322.6
9443.5
8781.07
5494.225
0.00505
0.0049
0.0049
0.0049
0.0049
169.0004
3562.942
10370.29
9856.781
3536.3838
3605.02
4393.04
5174.044
6767.08
8328.8152
13380.003
21579.89
17953.39
12466.084
10706.44
10062.5
9448.6
8795.38
5490.223
0.00503
