2378.449922
2334.665004
2254.255647
2420.446559
2433.803005
0
0
0
0
0
0
0
0
0
0
0
0
0
0
0
0
0
2356.757063
2547.045691
2520.329802
2474.657969
2492.492976
2458.055348
2569.022337
0
0
0
0
0
0
0
0
0
0
0
0
0
0
0
0
0
2472.060274
2524.331424
2483.870913
2349.804924
2500.894639
2452.552291
2448.035852
0
0
0
0
0
0
0
0
0
0
0
0
0
0
0
0
0
2482.203597
2415.070732
2321.781676
2249.341099
2298.701557
2435.603054
2289.163403
0
0
0
0
0
0
0
0
0
0
0
0
0
0
0
0
0
2244.819565
2277.274427
2185.699969
2213.087921
2155.861605
2116.31113
2204.230149
0
0
0
0
0
0
0
0
0
0
0
0
0
0
0
0
0
2164.395746
2189.247815
2485.180586
2398.024305
2382.144263
2452.790523
2529.638348
0
0
0
0
0
0
0
0
0
0
0
0
0
0
0
0
0
2447.651038
2515.520396
2596.044822
2436.793625
2510.681281
2505.992222
2562.478392
0
0
0
0
0
0
0
0
0
0
0
0
0
0
0
0
0
2415.581835
2484.954318
2600.718629
2452.217677
2549.017295
2434.295159
2383.618355
0
0
0
0
0
0
0
0
0
0
0
0
0
0
0
0
0
2630.128674
2466.123332
2150.692654
2390.008634
2258.173852
2345.9936
2216.754326
0
0
0
0
0
0
0
0
0
0
0
0
0
0
0
0
0
2253.594494
2184.126736
2045.990521
2079.68091
2108.181283
2104.247351
2255.633144
0
0
0
0
0
0
0
0
0
0
0
0
0
0
0
0
0
2048.541113
2167.923967
2463.643072
2522.028897
2482.954987
2423.481811
2537.927189
0
0
0
0
0
0
0
0
0
0
0
0
0
0
0
0
0
2364.884481
2696.711432
2396.405588
2350.74196
2363.037668
2364.983094
2372.120984
0
0
0
0
0
0
0
0
0
0
0
0
0
0
0
0
0
2271.252493
2279.478699
2506.5891
2428.742241
2516.51833
2572.875195
2459.913464
0
0
0
0
0
0
0
0
0
0
0
0
0
0
0
0
0
2385.447417
2658.741139
2203.141382
2251.356237
2187.915112
2214.693392
2218.200323
0
0
0
0
0
0
0
0
0
0
0
0
0
0
0
0
0
2253.736052
2232.474306
2253.350452
2107.668344
2245.227128
2243.382998
2192.940393
0
0
0
0
0
0
0
0
0
0
0
0
0
0
0
0
0
2235.904869
2187.777346
2569.353338
2670.899238
2468.984219
2445.597347
2593.102478
0
0
0
0
0
0
0
0
0
0
0
0
0
0
0
0
0
2542.614074
2458.301278
2593.581548
2431.794638
2681.332287
2567.063491
2496.961221
0
0
0
0
0
0
0
0
0
0
0
0
0
0
0
0
0
2600.803981
2438.643275
2476.974889
2430.890954
2506.137776
2517.01154
2412.437037
0
0
0
0
0
0
0
0
0
0
0
0
0
0
0
0
0
2571.985243
2477.415596
2400.78312
2340.187353
2663.685853
2568.392723
2255.011345
0
0
0
0
0
0
0
0
0
0
0
0
0
0
0
0
0
2570.645902
2466.993758
2479.833494
2437.28388
2422.659296
2427.699743
2321.187596
0
0
0
0
0
0
0
0
0
0
0
0
0
0
0
0
0
2395.618755
2266.318671
2512.678944
2501.592766
2503.690172
2501.756875
2534.61475
0
0
0
0
0
0
0
0
0
0
0
0
0
0
0
0
0
2531.193576
2506.944579
2384.521784
2184.081742
2324.583699
2328.382996
2397.206774
0
0
0
0
0
0
0
0
0
0
0
0
0
0
0
0
0
2335.654809
2203.346964
2469.250129
2653.610411
2668.50127
2684.090161
2603.453322
0
0
0
0
0
0
0
0
0
0
0
0
0
0
0
0
0
2540.482456
2595.174521
2634.069398
2571.839084
2565.223859
2658.554537
2630.644301
0
0
0
0
0
0
0
0
0
0
0
0
0
0
0
0
0
2634.597717
2697.557481
2640.816531
2638.220851
2744.175419
2584.992662
2576.646037
0
0
0
0
0
0
0
0
0
0
0
0
0
0
0
0
0
2716.488104
2538.688474
2501.444126
2562.148553
2473.820358
2484.393195
2381.401318
0
0
0
0
0
0
0
0
0
0
0
0
0
0
0
0
0
2537.113104
2554.608212
2122.477598
2343.901385
2399.618327
2264.715131
2346.153337
0
0
0
0
0
0
0
0
0
0
0
0
0
0
0
0
0
2290.543984
2232.185355
2196.679676
2305.475118
2264.821099
2202.368468
2343.908043
0
0
0
0
0
0
0
0
0
0
0
0
0
0
0
0
0
2415.467144
2154.691059
2718.32294
2711.866072
2645.989622
2741.887444
2507.393528
0
0
0
0
0
0
0
0
0
0
0
0
0
0
0
0
0
2695.53524
2849.170678
2230.227315
2382.787846
2228.656198
2198.621178
2271.959344
0
0
0
0
0
0
0
0
0
0
0
0
0
0
0
0
0
2285.094338
2365.554229
2353.75548
2499.378314
2351.80689
2378.578747
2438.076509
0
0
0
0
0
0
0
0
0
0
0
0
0
0
0
0
0
2342.563894
2481.106639
2214.498727
2248.938859
2220.080759
2330.517929
2214.624921
0
0
0
0
0
0
0
0
0
0
0
0
0
0
0
0
0
2227.235793
2378.73639
2264.201125
2290.952216
2345.120222
2267.901612
2323.281969
0
0
0
0
0
0
0
0
0
0
0
0
0
0
0
0
0
2299.577801
2388.266648
2222.509093
2295.44283
2288.095634
2271.861732
2241.9272
0
0
0
0
0
0
0
0
0
0
0
0
0
0
0
0
0
2321.126631
2241.554299
2627.117953
2673.544182
2700.918845
2666.679724
2655.174997
0
0
0
0
0
0
0
0
0
0
0
0
0
0
0
0
0
2799.208818
2739.978674
2361.431692
2158.310577
2212.835646
2412.71085
2123.486792
0
0
0
0
0
0
0
0
0
0
0
0
0
0
0
0
0
2380.98774
2347.63395
2445.976472
2468.312988
2501.482926
2461.621571
2457.265667
0
0
0
0
0
0
0
0
0
0
0
0
0
0
0
0
0
2562.446354
2396.853613
2541.831978
2371.74001
2541.558777
2535.326566
2647.096356
0
0
0
0
0
0
0
0
0
0
0
0
0
0
0
0
0
2435.89576
2490.601104
2084.946249
2185.754044
2082.501536
2119.314245
2095.037985
0
0
0
0
0
0
0
0
0
0
0
0
0
0
0
0
0
2033.414995
2138.205785
2839.685525
2833.983759
2680.909925
2672.614993
2778.089668
0
0
0
0
0
0
0
0
0
0
0
0
0
0
0
0
0
2681.212615
2726.488524
2162.151721
2159.3207
2123.955045
2223.81952
2155.809217
0
0
0
0
0
0
0
0
0
0
0
0
0
0
0
0
0
2221.217562
2181.0172
2394.801466
2467.236175
2252.779718
2347.151381
2389.7022
0
0
0
0
0
0
0
0
0
0
0
0
0
0
0
0
0
2531.922578
2311.70418
2311.688009
2380.465424
2362.992661
2433.694188
2290.938012
0
0
0
0
0
0
0
0
0
0
0
0
0
0
0
0
0
2275.858977
2385.961415
2173.116864
2264.208697
2182.865363
2368.203253
2259.96931
0
0
0
0
0
0
0
0
0
0
0
0
0
0
0
0
0
2186.640519
2298.578333
2296.199305
2254.449227
2439.670471
2379.479696
2328.610497
0
0
0
0
0
0
0
0
0
0
0
0
0
0
0
0
0
2375.291786
2310.167675
1973.677786
1933.854495
2055.851358
1807.611154
2041.121835
0
0
0
0
0
0
0
0
0
0
0
0
0
0
0
0
0
1989.513053
1912.736851
2561.376774
2439.776261
2638.858073
2541.203746
2449.503439
0
0
0
0
0
0
0
0
0
0
0
0
0
0
0
0
0
2502.926269
2539.448053
2572.457052
2581.505582
2501.621158
2450.901248
2526.327589
0
0
0
0
0
0
0
0
0
0
0
0
0
0
0
0
0
2509.612836
2574.655704
2427.413742
2424.37172
2447.300049
2376.95315
2625.793999
0
0
0
0
0
0
0
0
0
0
0
0
0
0
0
0
0
2529.029531
2473.874422
2047.070502
2023.753088
2041.656726
2045.8489
2069.91691
0
0
0
0
0
0
0
0
0
0
0
0
0
0
0
0
0
2009.556134
2103.285885
2309.171538
2251.618695
2349.608214
2349.497534
2473.156685
0
0
0
0
0
0
0
0
0
0
0
0
0
0
0
0
0
2508.375183
2460.167357
2242.38781
2138.388444
2268.032683
2226.325884
2345.324329
0
0
0
0
0
0
0
0
0
0
0
0
0
0
0
0
0
2274.970661
2237.511426
2296.310701
2369.452461
2199.178677
2403.394015
2269.989472
0
0
0
0
0
0
0
0
0
0
0
0
0
0
0
0
0
2326.436888
2391.47862
2867.845314
2758.73905
2965.732938
2910.42297
2773.650966
0
0
0
0
0
0
0
0
0
0
0
0
0
0
0
0
0
2822.510945
2957.937656
2443.94314
2425.294029
2311.268435
2417.719934
2469.586518
0
0
0
0
0
0
0
0
0
0
0
0
0
0
0
0
0
2404.798674
2282.727987
2275.411612
2241.702979
2233.083022
2075.609463
2114.793479
0
0
0
0
0
0
0
0
0
0
0
0
0
0
0
0
0
2187.928841
2263.211558
2491.004621
2670.733518
2644.546754
2516.084365
2796.632918
0
0
0
0
0
0
0
0
0
0
0
0
0
0
0
0
0
2617.728499
2573.399676
2388.884645
2258.314217
2150.425691
2330.456334
2123.907454
0
0
0
0
0
0
0
0
0
0
0
0
0
0
0
0
0
2267.557695
2379.30891
2505.331035
2666.763252
2626.872495
2773.821831
2596.707937
0
0
0
0
0
0
0
0
0
0
0
0
0
0
0
0
0
2720.071738
2762.715446
2348.978431
2289.020395
2292.45819
2393.075355
2339.598888
0
0
0
0
0
0
0
0
0
0
0
0
0
0
0
0
0
2292.340742
2363.261501
2668.887333
2513.193332
2471.761424
2491.068113
2494.577899
0
0
0
0
0
0
0
0
0
0
0
0
0
0
0
0
0
2441.40826
2547.510998
2337.057243
2439.270915
2210.428369
2261.457599
2362.638452
0
0
0
0
0
0
0
0
0
0
0
0
0
0
0
0
0
2381.321017
2379.471504
2672.405819
2508.673071
2550.148462
2501.646292
2475.055967
0
0
0
0
0
0
0
0
0
0
0
0
0
0
0
0
0
2611.660364
2681.548313
2356.562618
2259.36661
2428.807898
2087.722807
2317.876826
0
0
0
0
0
0
0
0
0
0
0
0
0
0
0
0
0
2358.281734
2339.698928
2417.485282
2437.666927
2441.939203
2235.286271
2427.518021
0
0
0
0
0
0
0
0
0
0
0
0
0
0
0
0
0
2390.822779
2296.174505
2370.525804
2475.180839
2405.106179
2403.290482
2311.762177
0
0
0
0
0
0
0
0
0
0
0
0
0
0
0
0
0
2470.630123
2480.58416
2176.11134
2212.299084
2225.217402
2247.761821
2232.035946
0
0
0
0
0
0
0
0
0
0
0
0
0
0
0
0
0
2284.57368
2234.154554
2366.48195
2414.288853
2597.829263
2413.271472
2412.746849
0
0
0
0
0
0
0
0
0
0
0
0
0
0
0
0
0
2401.985785
2374.867535
2286.23915
2284.572338
2328.356983
2311.39424
2384.522188
0
0
0
0
0
0
0
0
0
0
0
0
0
0
0
0
0
2419.930462
2249.139885
2459.843714
2666.981657
2604.241854
2514.050592
2549.651419
0
0
0
0
0
0
0
0
0
0
0
0
0
0
0
0
0
2566.655097
2677.273461
2363.261758
2302.118043
2293.690807
2408.080458
2304.679973
0
0
0
0
0
0
0
0
0
0
0
0
0
0
0
0
0
2387.104523
2339.94346
2339.853329
2194.989162
2232.940105
2194.391909
2486.882206
0
0
0
0
0
0
0
0
0
0
0
0
0
0
0
0
0
2315.648632
2431.582711
2316.37944
2186.605971
2286.951495
2226.916893
2267.492679
0
0
0
0
0
0
0
0
0
0
0
0
0
0
0
0
0
2251.08144
2329.799796
2359.345215
2082.675084
2265.563911
2290.850669
2366.483592
0
0
0
0
0
0
0
0
0
0
0
0
0
0
0
0
0
2307.334548
2224.491062
2435.231957
2473.001269
2416.189541
2396.325072
2578.697316
0
0
0
0
0
0
0
0
0
0
0
0
0
0
0
0
0
2441.784701
2315.835461
2126.487537
2252.6694
2165.542646
2259.277437
2183.58428
0
0
0
0
0
0
0
0
0
0
0
0
0
0
0
0
0
2177.695106
2141.7473
2686.60899
2773.325285
2695.37332
2624.964285
2748.109751
0
0
0
0
0
0
0
0
0
0
0
0
0
0
0
0
0
2738.149867
2638.950517
2543.237457
2667.996503
2824.332738
2753.782291
2814.433799
0
0
0
0
0
0
0
0
0
0
0
0
0
0
0
0
0
2757.694033
2702.601908
2281.058111
2182.062244
2217.317105
2131.556015
2209.06068
0
0
0
0
0
0
0
0
0
0
0
0
0
0
0
0
0
2246.284468
2210.227309
1921.846315
2025.359433
1944.890962
1973.269654
2014.837649
0
0
0
0
0
0
0
0
0
0
0
0
0
0
0
0
0
2000.618903
1940.619909
2236.232192
2305.935831
2372.692439
2329.40342
2310.944956
0
0
0
0
0
0
0
0
0
0
0
0
0
0
0
0
0
2184.235146
2345.030894
2626.109976
2528.266712
2642.736346
2576.930751
2521.013682
0
0
0
0
0
0
0
0
0
0
0
0
0
0
0
0
0
2475.55348
2505.819456
2496.052075
2384.677804
2574.294363
2558.095077
2569.206206
0
0
0
0
0
0
0
0
0
0
0
0
0
0
0
0
0
2551.02405
2602.409124
2587.386688
2572.035744
2603.17029
2622.727373
2657.524895
0
0
0
0
0
0
0
0
0
0
0
0
0
0
0
0
0
2616.206316
2743.043215
2121.468262
2081.777057
2145.652368
2068.826662
2038.685178
0
0
0
0
0
0
0
0
0
0
0
0
0
0
0
0
0
2151.38451
2133.477919
2344.075789
2434.02271
2404.481406
2394.418089
2420.476406
0
0
0
0
0
0
0
0
0
0
0
0
0
0
0
0
0
2474.373184
2434.870916
2164.791889
2354.772978
2282.105398
2297.407168
2337.395426
0
0
0
0
0
0
0
0
0
0
0
0
0
0
0
0
0
2188.127616
2197.567217
2393.895816
2334.706011
2233.642647
2377.29596
2391.59908
0
0
0
0
0
0
0
0
0
0
0
0
0
0
0
0
0
2388.62902
2373.671519
2490.865283
2431.824054
2534.920082
2434.498576
2417.353332
0
0
0
0
0
0
0
0
0
0
0
0
0
0
0
0
0
2412.374433
2432.111279
2373.114209
2311.483093
2242.251287
2396.932797
2261.180106
0
0
0
0
0
0
0
0
0
0
0
0
0
0
0
0
0
2421.319392
2380.530252
2456.28412
2368.934492
2365.798666
2398.901408
2396.073996
0
0
0
0
0
0
0
0
0
0
0
0
0
0
0
0
0
2331.803857
2274.323099
2430.288791
2493.019908
2582.81779
2433.082123
2415.47762
0
0
0
0
0
0
0
0
0
0
0
0
0
0
0
0
0
2533.49069
2513.097409
2143.425498
2258.046773
2156.972114
2181.025328
2125.948906
0
0
0
0
0
0
0
0
0
0
0
0
0
0
0
0
0
2185.969246
2187.547387
2394.239556
2379.428576
2434.98099
2463.40581
2423.422389
0
0
0
0
0
0
0
0
0
0
0
0
0
0
0
0
0
2561.514162
2517.702386
2272.671596
2125.365326
2133.747537
2155.878264
2260.864
0
0
0
0
0
0
0
0
0
0
0
0
0
0
0
0
0
2212.171396
2319.47836
2738.176916
2826.199727
2689.160614
2865.49462
2604.301919
0
0
0
0
0
0
0
0
0
0
0
0
0
0
0
0
0
2846.174896
2903.567924
2634.37352
2687.615527
2643.516927
2681.259883
2622.571696
0
0
0
0
0
0
0
0
0
0
0
0
0
0
0
0
0
2695.307249
2644.321751
2409.716843
2528.782435
2495.145309
2490.514229
2382.692864
0
0
0
0
0
0
0
0
0
0
0
0
0
0
0
0
0
2513.570822
2447.855353
2402.871748
2474.20101
2436.704761
2399.962601
2473.226673
0
0
0
0
0
0
0
0
0
0
0
0
0
0
0
0
0
2460.595459
2425.99078
2292.345756
2223.615946
2480.796586
2346.829464
2446.697837
0
0
0
0
0
0
0
0
0
0
0
0
0
0
0
0
0
2288.854833
2327.994435
2662.810263
2892.616954
2645.092638
2712.897224
2900.797715
0
0
0
0
0
0
0
0
0
0
0
0
0
0
0
0
0
2832.275431
2782.722709
2411.228661
2297.686871
2296.796348
2210.499359
2390.299281
0
0
0
0
0
0
0
0
0
0
0
0
0
0
0
0
0
2252.83053
2321.396177
1917.344065
1924.524045
1962.999883
2079.329412
1996.691984
0
0
0
0
0
0
0
0
0
0
0
0
0
0
0
0
0
2014.510152
2000.480989
2218.540527
2268.950834
2280.885797
2218.725559
2188.532216
0
0
0
0
0
0
0
0
0
0
0
0
0
0
0
0
0
2234.577919
2127.496323
2433.215626
2613.390386
2478.902688
2589.850035
2566.432347
0
0
0
0
0
0
0
0
0
0
0
0
0
0
0
0
0
2473.444292
2445.747196
2442.050871
2522.602172
2350.316263
2564.499682
2586.039715
0
0
0
0
0
0
0
0
0
0
0
0
0
0
0
0
0
2544.080946
2421.10473
2555.696772
2533.000521
2574.384298
2632.076935
2585.482967
0
0
0
0
0
0
0
0
0
0
0
0
0
0
0
0
0
2654.091409
2653.415209
2243.758468
2210.536134
2319.178707
2250.785346
2362.446526
0
0
0
0
0
0
0
0
0
0
0
0
0
0
0
0
0
2320.435817
2325.046396
2325.155588
2306.614636
2241.956825
2310.456756
2409.033955
0
0
0
0
0
0
0
0
0
0
0
0
0
0
0
0
0
2317.467252
2391.078769
2407.752197
2381.433821
2487.946018
2500.511181
2247.511022
0
0
0
0
0
0
0
0
0
0
0
0
0
0
0
0
0
2349.906751
2473.250164
2263.090902
2254.29027
2269.986343
2283.597616
2332.821044
0
0
0
0
0
0
0
0
0
0
0
0
0
0
0
0
0
2237.062564
2317.364629
2305.509174
2329.383726
2227.72321
2292.884441
2235.459574
0
0
0
0
0
0
0
0
0
0
0
0
0
0
0
0
0
2368.701201
2236.983423
2477.669669
2528.679962
2462.520231
2522.536282
2547.852048
0
0
0
0
0
0
0
0
0
0
0
0
0
0
0
0
0
2704.922347
2624.08484
2346.659718
2260.081297
2263.346656
2230.252665
2229.304602
0
0
0
0
0
0
0
0
0
0
0
0
0
0
0
0
0
2261.373007
2253.600061
2399.85725
2300.336369
2321.315999
2415.602851
2335.767772
0
0
0
0
0
0
0
0
0
0
0
0
0
0
0
0
0
2227.380104
2381.901467
2621.388909
2368.538726
2643.137538
2687.294294
2653.71718
0
0
0
0
0
0
0
0
0
0
0
0
0
0
0
0
0
2603.782979
2593.720151
2694.020067
2517.378545
2410.92584
2475.655884
2438.925173
0
0
0
0
0
0
0
0
0
0
0
0
0
0
0
0
0
2510.316272
2463.186712
2309.222174
2276.812958
2380.75077
2287.937733
2313.83453
0
0
0
0
0
0
0
0
0
0
0
0
0
0
0
0
0
2224.565343
2393.449636
2521.867632
2493.026561
2474.757905
2576.763779
2435.759717
0
0
0
0
0
0
0
0
0
0
0
0
0
0
0
0
0
2524.585253
2425.934118
2259.700838
2150.468446
2307.671014
2332.112013
2192.1109
0
0
0
0
0
0
0
0
0
0
0
0
0
0
0
0
0
2171.634375
2200.980201
2089.050742
2068.870943
2296.249056
2263.393255
2106.375592
0
0
0
0
0
0
0
0
0
0
0
0
0
0
0
0
0
2277.026692
2145.683715
2391.011901
2449.854075
2405.178031
2592.94466
2385.656394
0
0
0
0
0
0
0
0
0
0
0
0
0
0
0
0
0
2493.960632
2353.114862
2289.904035
2269.413152
2406.11919
2400.196704
2300.258349
0
0
0
0
0
0
0
0
0
0
0
0
0
0
0
0
0
2413.921881
2322.559983
2228.640131
2224.921949
2342.302231
2319.092422
2155.009744
0
0
0
0
0
0
0
0
0
0
0
0
0
0
0
0
0
2332.51137
2300.94411
2578.382198
2715.044818
2791.810709
2692.310995
2671.458291
0
0
0
0
0
0
0
0
0
0
0
0
0
0
0
0
0
2669.94415
2765.61016
2428.557809
2541.579621
2448.562514
2653.885272
2504.233264
0
0
0
0
0
0
0
0
0
0
0
0
0
0
0
0
0
2456.424768
2524.314317
2544.263218
2468.058868
2493.042672
2285.968474
2526.867891
0
0
0
0
0
0
0
0
0
0
0
0
0
0
0
0
0
2437.436382
2463.00862
2578.133977
2491.978696
2731.593862
2426.206888
2735.372558
0
0
0
0
0
0
0
0
0
0
0
0
0
0
0
0
0
2597.964497
2653.339463
2396.807789
2370.570819
2312.93897
2502.355232
2382.791569
0
0
0
0
0
0
0
0
0
0
0
0
0
0
0
0
0
2432.887624
2523.74925
2407.194694
2370.653957
2229.822982
2337.336475
2377.775207
0
0
0
0
0
0
0
0
0
0
0
0
0
0
0
0
0
2463.482126
2388.819282
2290.320528
2386.204294
2459.721176
2344.766092
2234.254954
0
0
0
0
0
0
0
0
0
0
0
0
0
0
0
0
0
2419.59297
2302.321372
2591.657824
2577.412487
2674.348141
2595.341848
2536.365974
0
0
0
0
0
0
0
0
0
0
0
0
0
0
0
0
0
2754.6783
2589.147027
2550.149142
2553.082398
2364.540097
2484.877988
2445.245855
0
0
0
0
0
0
0
0
0
0
0
0
0
0
0
0
0
2487.138493
2496.799784
2215.382684
2152.198135
2150.9319
2099.344796
2226.232098
0
0
0
0
0
0
0
0
0
0
0
0
0
0
0
0
0
2408.144825
2275.135775
2355.104127
2293.594876
2398.507458
2232.33903
2135.176242
0
0
0
0
0
0
0
0
0
0
0
0
0
0
0
0
0
2290.064151
2241.996138
2143.740803
2311.149726
2281.924727
2224.58193
2302.735488
0
0
0
0
0
0
0
0
0
0
0
0
0
0
0
0
0
2232.808608
2273.424122
2390.226551
2454.552419
2365.551976
2335.013381
2444.958965
0
0
0
0
0
0
0
0
0
0
0
0
0
0
0
0
0
2458.633739
2229.11411
2430.558491
2490.948517
2466.357649
2619.561413
2717.588451
0
0
0
0
0
0
0
0
0
0
0
0
0
0
0
0
0
2390.743485
2518.814967
2650.373915
2625.657485
2804.802118
2721.478248
2688.245151
0
0
0
0
0
0
0
0
0
0
0
0
0
0
0
0
0
2725.703774
2759.156484
1838.536602
1807.123014
1784.022237
1742.418426
1877.437766
0
0
0
0
0
0
0
0
0
0
0
0
0
0
0
0
0
1800.433676
1757.19641
2036.848235
2101.634178
2011.258692
2018.915172
2073.649856
0
0
0
0
0
0
0
0
0
0
0
0
0
0
0
0
0
2073.0314
1955.027099
2917.272611
2611.086492
2786.233682
2662.281341
2737.434994
0
0
0
0
0
0
0
0
0
0
0
0
0
0
0
0
0
2731.345964
2665.912498
1894.698568
1861.636013
1920.37086
1926.84107
1806.173746
0
0
0
0
0
0
0
0
0
0
0
0
0
0
0
0
0
1890.551814
2007.42102
2292.440024
2391.291798
2376.387719
2394.235971
2274.305967
0
0
0
0
0
0
0
0
0
0
0
0
0
0
0
0
0
2436.579148
2534.398996
2250.333929
2182.040586
2247.234988
2144.855924
2211.899293
0
0
0
0
0
0
0
0
0
0
0
0
0
0
0
0
0
2310.448982
2290.698307
2543.467208
2629.314456
2545.306322
2299.557229
2648.775092
0
0
0
0
0
0
0
0
0
0
0
0
0
0
0
0
0
2721.8082
2567.103749
2187.221121
2370.002346
2281.099275
2146.686663
2351.973178
0
0
0
0
0
0
0
0
0
0
0
0
0
0
0
0
0
2140.079911
2208.004119
2162.189061
2337.321611
2247.735105
2211.546465
2183.948681
0
0
0
0
0
0
0
0
0
0
0
0
0
0
0
0
0
2258.662358
2139.408482
2688.924913
2687.955336
2706.522928
2533.886721
2568.645802
0
0
0
0
0
0
0
0
0
0
0
0
0
0
0
0
0
2628.209147
2559.823262
2506.926308
2462.256138
2604.010629
2608.153617
2430.621067
0
0
0
0
0
0
0
0
0
0
0
0
0
0
0
0
0
2532.614615
2512.126337
2561.933912
2631.967761
2456.519969
2429.220664
2517.608079
0
0
0
0
0
0
0
0
0
0
0
0
0
0
0
0
0
2484.390717
2524.691897
2011.878188
2040.847045
2021.370156
2116.978865
1920.626898
0
0
0
0
0
0
0
0
0
0
0
0
0
0
0
0
0
2070.398367
2104.029653
2384.975229
2435.063628
2437.856768
2499.425437
2515.366798
0
0
0
0
0
0
0
0
0
0
0
0
0
0
0
0
0
2501.269437
2457.819706
1976.31986
1960.338807
2011.692648
2130.991946
2075.535376
0
0
0
0
0
0
0
0
0
0
0
0
0
0
0
0
0
2011.916111
1986.886179
2456.294711
2593.713318
2452.691666
2519.122434
2516.446299
0
0
0
0
0
0
0
0
0
0
0
0
0
0
0
0
0
2510.650394
2636.875202
2223.812124
2321.254209
2318.453186
2297.635582
2290.401356
0
0
0
0
0
0
0
0
0
0
0
0
0
0
0
0
0
2261.295485
2229.922058
2198.952905
2320.244248
2284.392177
2281.604853
2207.131164
0
0
0
0
0
0
0
0
0
0
0
0
0
0
0
0
0
2289.258515
2287.066406
2530.052723
2687.90316
2528.117049
2603.889302
2705.091664
0
0
0
0
0
0
0
0
0
0
0
0
0
0
0
0
0
2675.858929
2550.616691
2372.263169
2521.421356
2390.499013
2471.144588
2507.41065
0
0
0
0
0
0
0
0
0
0
0
0
0
0
0
0
0
2505.851165
2600.380479
2668.724718
2556.706453
2531.027946
2538.920081
2749.341376
0
0
0
0
0
0
0
0
0
0
0
0
0
0
0
0
0
2472.81918
2552.831344
2355.296003
2202.548447
2179.439423
2179.691263
2282.197534
0
0
0
0
0
0
0
0
0
0
0
0
0
0
0
0
0
2120.42638
2228.823191
2354.618561
2418.698813
2370.971584
2292.680041
2355.522461
0
0
0
0
0
0
0
0
0
0
0
0
0
0
0
0
0
2419.5727
2424.885906
2394.113958
2367.583522
2329.013154
2291.372916
2425.583446
0
0
0
0
0
0
0
0
0
0
0
0
0
0
0
0
0
2399.064418
2302.170827
2435.589871
2226.212458
2240.1322
2295.102485
2254.020437
0
0
0
0
0
0
0
0
0
0
0
0
0
0
0
0
0
2131.028471
2276.183165
2354.02098
2260.503599
2237.816609
2407.513963
2365.428312
0
0
0
0
0
0
0
0
0
0
0
0
0
0
0
0
0
2402.161187
2445.280179
2824.034412
2676.06591
2838.145259
2718.852956
2882.694083
0
0
0
0
0
0
0
0
0
0
0
0
0
0
0
0
0
2766.694789
2778.204124
2602.176909
2620.833604
2675.48442
2617.429981
2573.116852
0
0
0
0
0
0
0
0
0
0
0
0
0
0
0
0
0
2583.93986
2496.538711
2466.829826
2389.865537
2583.355931
2437.350304
2595.234808
0
0
0
0
0
0
0
0
0
0
0
0
0
0
0
0
0
2518.700748
2621.135954
2436.386926
2618.554596
2544.939202
2616.09416
2560.08539
0
0
0
0
0
0
0
0
0
0
0
0
0
0
0
0
0
2560.692781
2608.014934
2190.503328
2336.904888
2216.104549
2323.129793
2209.103907
0
0
0
0
0
0
0
0
0
0
0
0
0
0
0
0
0
2191.646019
2192.134571
2343.864159
2329.055222
2324.356291
2340.24961
2426.316496
0
0
0
0
0
0
0
0
0
0
0
0
0
0
0
0
0
2411.069948
2294.072255
2348.706172
2415.634812
2356.940903
2361.96221
2256.0541
0
0
0
0
0
0
0
0
0
0
0
0
0
0
0
0
0
2303.742728
2407.273773
2565.512112
2421.59431
2389.5995
2528.739164
2614.967289
0
0
0
0
0
0
0
0
0
0
0
0
0
0
0
0
0
2652.493733
2517.646014
2644.259665
2593.346372
2575.265485
2699.319581
2636.298773
0
0
0
0
0
0
0
0
0
0
0
0
0
0
0
0
0
2639.216957
2722.683475
2256.57176
2336.932455
2280.972819
2190.507112
2184.827789
0
0
0
0
0
0
0
0
0
0
0
0
0
0
0
0
0
2213.251422
2209.518972
2659.968504
2423.671445
2588.105324
2477.211031
2379.114646
0
0
0
0
0
0
0
0
0
0
0
0
0
0
0
0
0
2514.819428
2574.201214
2657.284877
2593.871341
2612.900272
2554.466058
2598.515485
0
0
0
0
0
0
0
0
0
0
0
0
0
0
0
0
0
2630.092862
2554.454478
2487.99904
2510.522059
2412.544471
2549.959756
2364.166357
0
0
0
0
0
0
0
0
0
0
0
0
0
0
0
0
0
2407.356637
2437.47644
2367.386378
2371.654217
2293.896421
2238.868349
2374.879011
0
0
0
0
0
0
0
0
0
0
0
0
0
0
0
0
0
2226.6185
2230.588825
2494.543393
2339.766271
2413.954308
2218.193986
2329.557509
0
0
0
0
0
0
0
0
0
0
0
0
0
0
0
0
0
2441.110113
2305.535707
2488.452582
2802.305586
2585.853635
2663.19865
2715.975155
0
0
0
0
0
0
0
0
0
0
0
0
0
0
0
0
0
2633.803987
2605.340208
2395.580589
2382.9744
2462.953899
2394.951608
2287.233119
0
0
0
0
0
0
0
0
0
0
0
0
0
0
0
0
0
2306.338495
2358.351835
2177.428827
2149.85224
2063.678843
2105.355838
2056.285306
0
0
0
0
0
0
0
0
0
0
0
0
0
0
0
0
0
2029.549749
2037.782163
2192.845878
2161.242448
2294.073963
2263.641961
2187.858577
0
0
0
0
0
0
0
0
0
0
0
0
0
0
0
0
0
2335.240937
2199.628323
2248.11057
2176.010548
2196.121148
2191.310461
2235.00373
0
0
0
0
0
0
0
0
0
0
0
0
0
0
0
0
0
2307.055079
2212.297228
2219.862455
2239.889708
2247.839578
2304.562358
2311.608307
0
0
0
0
0
0
0
0
0
0
0
0
0
0
0
0
0
2259.885509
2235.736307
2186.847084
2294.066782
2441.100892
2395.522886
2378.100178
0
0
0
0
0
0
0
0
0
0
0
0
0
0
0
0
0
2349.073499
2131.475349
2544.352577
2698.546153
2543.691179
2616.225001
2586.214904
0
0
0
0
0
0
0
0
0
0
0
0
0
0
0
0
0
2511.126788
2451.40115
2271.553249
2110.96063
2185.160527
2393.400299
2193.405686
0
0
0
0
0
0
0
0
0
0
0
0
0
0
0
0
0
2199.046165
2246.636414
2727.932165
2683.524695
2655.866082
2703.101771
2840.834802
0
0
0
0
0
0
0
0
0
0
0
0
0
0
0
0
0
2745.013336
2783.792109
2450.175646
2361.618084
2388.777573
2378.809646
2456.300868
0
0
0
0
0
0
0
0
0
0
0
0
0
0
0
0
0
2366.87638
2384.669314
2774.355704
2737.646358
2728.390734
2640.081107
2558.960288
0
0
0
0
0
0
0
0
0
0
0
0
0
0
0
0
0
2641.101352
2688.423338
2878.369161
2714.59648
2871.701425
2856.134177
2660.196204
0
0
0
0
0
0
0
0
0
0
0
0
0
0
0
0
0
2776.423129
2745.180137
2354.413167
2316.524614
2348.066465
2371.502057
2444.387169
0
0
0
0
0
0
0
0
0
0
0
0
0
0
0
0
0
2305.536406
2337.990605
2627.732621
2633.098893
2546.936294
2694.078555
2608.912807
0
0
0
0
0
0
0
0
0
0
0
0
0
0
0
0
0
2768.076995
2525.47513
2346.269038
2239.190064
2386.141528
2380.495791
2319.034081
0
0
0
0
0
0
0
0
0
0
0
0
0
0
0
0
0
2242.904502
2405.132678
2494.905604
2514.89111
2609.30208
2486.418343
2542.206089
0
0
0
0
0
0
0
0
0
0
0
0
0
0
0
0
0
2678.663239
2635.591467
2689.903443
2670.577555
2709.048754
2783.510288
2556.265212
0
0
0
0
0
0
0
0
0
0
0
0
0
0
0
0
0
2617.142516
2629.507639
2326.377982
2312.45792
2165.784856
2130.324521
2281.924904
0
0
0
0
0
0
0
0
0
0
0
0
0
0
0
0
0
2195.389998
2232.295673
2450.796349
2483.264885
2590.249555
2358.413918
2437.249974
0
0
0
0
0
0
0
0
0
0
0
0
0
0
0
0
0
2408.251034
2404.982809
2450.464712
2648.881063
2606.978104
2621.28846
2679.999129
0
0
0
0
0
0
0
0
0
0
0
0
0
0
0
0
0
2525.445745
2549.069898
2433.777408
2427.593208
2392.648304
2466.043461
2511.678695
0
0
0
0
0
0
0
0
0
0
0
0
0
0
0
0
0
2383.136473
2438.225349
2662.822702
2487.597282
2527.503205
2525.12255
2703.486923
0
0
0
0
0
0
0
0
0
0
0
0
0
0
0
0
0
2654.85287
2473.820883
2463.982144
2415.922543
2380.215081
2522.612852
2413.988228
0
0
0
0
0
0
0
0
0
0
0
0
0
0
0
0
0
2269.407812
2450.137787
2114.975493
2224.968718
2120.930507
2120.029806
2304.538711
0
0
0
0
0
0
0
0
0
0
0
0
0
0
0
0
0
2245.023309
2082.434378
2254.158994
2377.435853
2358.370862
2211.134807
2317.705036
0
0
0
0
0
0
0
0
0
0
0
0
0
0
0
0
0
2388.972852
2181.329916
2344.451929
2354.783706
2430.75506
2401.911265
2443.376123
0
0
0
0
0
0
0
0
0
0
0
0
0
0
0
0
0
2381.013631
2305.743954
2351.622299
2305.526288
2331.840308
2289.530598
2254.517408
0
0
0
0
0
0
0
0
0
0
0
0
0
0
0
0
0
2287.749021
2139.595671
2561.952677
2554.055856
2534.632427
2501.522142
2435.018236
0
0
0
0
0
0
0
0
0
0
0
0
0
0
0
0
0
2698.216679
2665.994308
2538.537361
2530.091781
2566.102252
2402.833691
2534.95506
0
0
0
0
0
0
0
0
0
0
0
0
0
0
0
0
0
2546.221563
2529.940943
2588.218706
2557.870226
2468.073964
2428.339558
2545.827982
0
0
0
0
0
0
0
0
0
0
0
0
0
0
0
0
0
2613.540178
2509.353497
2232.881934
2253.35886
2286.885899
2276.044875
2302.75296
0
0
0
0
0
0
0
0
0
0
0
0
0
0
0
0
0
2329.869303
2291.370472
2186.650855
2191.562382
2246.105297
2244.60519
2238.647412
0
0
0
0
0
0
0
0
0
0
0
0
0
0
0
0
0
2257.24201
2179.701445
2394.620091
2260.984084
2331.496056
2467.226589
2474.657326
0
0
0
0
0
0
0
0
0
0
0
0
0
0
0
0
0
2549.039682
2531.927431
2445.608541
2539.546731
2526.691972
2465.150884
2496.94303
0
0
0
0
0
0
0
0
0
0
0
0
0
0
0
0
0
2331.447022
2578.699987
2218.784522
2305.242259
2261.923722
2287.869263
2456.099947
0
0
0
0
0
0
0
0
0
0
0
0
0
0
0
0
0
2532.938036
2457.334436
2330.523387
2288.685896
2385.537719
2331.804998
2345.196458
0
0
0
0
0
0
0
0
0
0
0
0
0
0
0
0
0
2210.581593
2423.224106
2032.326588
2023.156664
1967.032068
1982.610958
2034.917983
0
0
0
0
0
0
0
0
0
0
0
0
0
0
0
0
0
1981.486472
1989.458187
2878.146033
2696.802464
2735.864965
2849.47714
2746.24586
0
0
0
0
0
0
0
0
0
0
0
0
0
0
0
0
0
2736.439324
2794.67613
2806.93695
2868.819707
2725.996195
2704.951643
2836.190329
0
0
0
0
0
0
0
0
0
0
0
0
0
0
0
0
0
2758.328168
2653.749972
2589.183783
2462.826495
2495.099273
2531.553515
2597.620753
0
0
0
0
0
0
0
0
0
0
0
0
0
0
0
0
0
2494.194072
2468.467741
2265.972852
2134.512757
2118.844121
2033.797077
2085.605308
0
0
0
0
0
0
0
0
0
0
0
0
0
0
0
0
0
2180.721678
2154.135027
2306.415301
2442.967196
2363.97611
2398.485071
2421.268032
0
0
0
0
0
0
0
0
0
0
0
0
0
0
0
0
0
2426.776279
2435.848998
2327.532128
2510.711483
2393.823609
2497.820173
2679.107826
0
0
0
0
0
0
0
0
0
0
0
0
0
0
0
0
0
2622.51276
2460.94388
2598.760605
2434.643566
2474.106629
2560.53275
2505.440683
0
0
0
0
0
0
0
0
0
0
0
0
0
0
0
0
0
2716.968276
2386.926493
2524.001555
2546.505263
2559.996128
2541.460611
2708.360885
0
0
0
0
0
0
0
0
0
0
0
0
0
0
0
0
0
2681.164296
2628.189091
2408.281113
2440.186216
2409.567666
2358.574532
2436.487415
0
0
0
0
0
0
0
0
0
0
0
0
0
0
0
0
0
2475.737601
2492.438145
2463.71985
2645.065629
2790.06733
2501.83428
2719.39062
0
0
0
0
0
0
0
0
0
0
0
0
0
0
0
0
0
2503.074392
2643.260342
2705.470436
2670.966486
2767.339295
2729.130451
2737.741914
0
0
0
0
0
0
0
0
0
0
0
0
0
0
0
0
0
2757.537646
2601.452495
2239.662154
2313.969382
2229.661796
2172.531203
2331.762715
0
0
0
0
0
0
0
0
0
0
0
0
0
0
0
0
0
2219.934031
2252.242601
2536.448072
2509.841941
2559.496456
2568.9902
2527.394668
0
0
0
0
0
0
0
0
0
0
0
0
0
0
0
0
0
2598.465285
2444.654453
2056.751099
2138.667488
2027.96636
2008.651705
2042.947221
0
0
0
0
0
0
0
0
0
0
0
0
0
0
0
0
0
2098.280851
2130.721071
2421.213128
2308.369099
2404.379345
2406.767864
2379.899913
0
0
0
0
0
0
0
0
0
0
0
0
0
0
0
0
0
2426.32173
2449.805528
2236.561018
2144.674175
2112.681628
2181.339099
2158.142403
0
0
0
0
0
0
0
0
0
0
0
0
0
0
0
0
0
1983.831675
2086.166613
2201.257038
2220.027487
2233.306555
2184.507006
2268.893161
0
0
0
0
0
0
0
0
0
0
0
0
0
0
0
0
0
2313.34667
2227.884298
2225.789384
2373.95507
2304.001375
2353.735252
2359.803662
0
0
0
0
0
0
0
0
0
0
0
0
0
0
0
0
0
2273.151636
2361.509985
2280.069959
2046.720707
2116.331817
2156.958062
2132.699613
0
0
0
0
0
0
0
0
0
0
0
0
0
0
0
0
0
2286.867237
2076.111578
2562.643089
2700.744601
2806.947893
2721.233271
2551.784688
0
0
0
0
0
0
0
0
0
0
0
0
0
0
0
0
0
2820.833322
2528.593422
2622.355888
2645.656163
2560.914628
2564.188605
2407.062023
0
0
0
0
0
0
0
0
0
0
0
0
0
0
0
0
0
2679.772635
2683.864066
2143.673546
2212.719903
2102.276088
2235.073901
2240.280254
0
0
0
0
0
0
0
0
0
0
0
0
0
0
0
0
0
2147.837619
2053.543692
2519.530115
2555.006382
2569.585498
2524.531486
2655.956982
0
0
0
0
0
0
0
0
0
0
0
0
0
0
0
0
0
2517.052944
2563.273851
2057.24055
2218.828397
2081.499792
2175.577141
2225.677738
0
0
0
0
0
0
0
0
0
0
0
0
0
0
0
0
0
2214.195427
2116.789157
2419.968566
2462.272065
2451.11124
2347.769216
2410.255171
0
0
0
0
0
0
0
0
0
0
0
0
0
0
0
0
0
2459.748122
2346.12744
2529.002784
2602.014235
2565.715786
2550.407745
2580.690857
0
0
0
0
0
0
0
0
0
0
0
0
0
0
0
0
0
2492.514041
2488.460688
2422.11753
2361.345332
2353.427751
2538.160889
2581.724618
0
0
0
0
0
0
0
0
0
0
0
0
0
0
0
0
0
2646.100896
2509.258684
2244.455041
2257.402736
2112.206433
2103.908583
2307.478665
0
0
0
0
0
0
0
0
0
0
0
0
0
0
0
0
0
2337.634171
2305.766797
1985.076712
2122.339938
2185.824137
2051.311975
2101.167042
0
0
0
0
0
0
0
0
0
0
0
0
0
0
0
0
0
2055.971924
2106.077325
2588.019032
2514.644716
2566.707656
2662.522336
2442.488203
0
0
0
0
0
0
0
0
0
0
0
0
0
0
0
0
0
2481.234573
2378.963825
2387.7822
2249.755184
2427.431916
2415.164306
2365.961723
0
0
0
0
0
0
0
0
0
0
0
0
0
0
0
0
0
2355.621372
2359.525617
2605.974304
2478.106946
2600.446968
2577.559625
2543.241565
0
0
0
0
0
0
0
0
0
0
0
0
0
0
0
0
0
2502.451704
2580.415683
2501.248212
2462.761113
2394.022298
2369.744556
2373.424194
0
0
0
0
0
0
0
0
0
0
0
0
0
0
0
0
0
2305.821385
2375.859166
2437.496002
2388.861934
2430.403421
2409.639675
2499.663286
0
0
0
0
0
0
0
0
0
0
0
0
0
0
0
0
0
2400.852798
2364.834359
2442.721569
2459.767539
2439.22578
2526.536367
2462.577199
0
0
0
0
0
0
0
0
0
0
0
0
0
0
0
0
0
2422.273674
2600.575844
2256.087039
2452.947526
2297.922636
2303.253925
2212.232468
0
0
0
0
0
0
0
0
0
0
0
0
0
0
0
0
0
2214.2686
2233.856062
2059.527978
1871.688547
2034.663501
1968.961232
2027.691304
0
0
0
0
0
0
0
0
0
0
0
0
0
0
0
0
0
2012.784033
2029.83361
2518.344652
2484.730197
2595.95123
2523.228361
2526.649313
0
0
0
0
0
0
0
0
0
0
0
0
0
0
0
0
0
2601.556924
2544.498813
2334.628402
2153.861834
2236.443224
2270.900789
2266.6232
0
0
0
0
0
0
0
0
0
0
0
0
0
0
0
0
0
2216.680488
2057.431891
2510.433632
2491.116751
2465.780499
2528.184953
2523.928416
0
0
0
0
0
0
0
0
0
0
0
0
0
0
0
0
0
2530.357926
2415.305437
2340.819766
2343.660354
2331.646537
2315.698188
2369.98711
0
0
0
0
0
0
0
0
0
0
0
0
0
0
0
0
0
2332.964677
2472.694176
2289.372198
2399.561058
2298.721668
2330.492712
2418.063194
0
0
0
0
0
0
0
0
0
0
0
0
0
0
0
0
0
2303.217392
2276.159521
2637.282777
2480.087142
2648.037166
2586.064397
2607.267197
0
0
0
0
0
0
0
0
0
0
0
0
0
0
0
0
0
2657.764237
2593.155426
2266.684281
2232.382246
2449.854822
2437.604647
2486.817268
0
0
0
0
0
0
0
0
0
0
0
0
0
0
0
0
0
2576.264985
2415.330257
2558.224371
2608.960939
2500.689729
2560.494511
2618.151852
0
0
0
0
0
0
0
0
0
0
0
0
0
0
0
0
0
2540.489075
2568.466716
2390.706073
2242.615388
2242.85524
2272.523468
2256.779101
0
0
0
0
0
0
0
0
0
0
0
0
0
0
0
0
0
2483.579981
2269.052975
2349.463924
2282.920168
2326.579686
2346.474609
2290.197883
0
0
0
0
0
0
0
0
0
0
0
0
0
0
0
0
0
2343.991007
2231.083063
2439.73294
2589.032968
2393.235005
2523.286519
2498.127824
0
0
0
0
0
0
0
0
0
0
0
0
0
0
0
0
0
2493.797767
2569.985354
2387.938805
2421.902233
2380.702962
2396.015746
2386.271462
0
0
0
0
0
0
0
0
0
0
0
0
0
0
0
0
0
2399.265547
2251.718738
2445.017244
2648.875467
2698.545663
2640.703747
2635.344137
0
0
0
0
0
0
0
0
0
0
0
0
0
0
0
0
0
2673.406205
2473.778215
2355.548224
2453.850196
2455.079632
2460.177657
2502.41119
0
0
0
0
0
0
0
0
0
0
0
0
0
0
0
0
0
2364.909791
2343.958378
2280.964631
2373.032209
2390.995035
2178.014078
2323.698983
0
0
0
0
0
0
0
0
0
0
0
0
0
0
0
0
0
2274.787845
2400.414557
2310.187544
2163.711389
2216.874964
2196.900195
2357.493616
0
0
0
0
0
0
0
0
0
0
0
0
0
0
0
0
0
2193.458104
2243.208444
2201.819219
2346.569138
2301.295703
2205.352906
2378.277156
0
0
0
0
0
0
0
0
0
0
0
0
0
0
0
0
0
2154.80341
2362.430895
2281.166584
2332.768216
2361.820894
2285.360849
2269.905017
0
0
0
0
0
0
0
0
0
0
0
0
0
0
0
0
0
2131.883538
2127.145312
2673.034002
2402.923252
2683.105234
2659.457126
2606.438981
0
0
0
0
0
0
0
0
0
0
0
0
0
0
0
0
0
2596.497054
2737.696074
2310.520989
2470.424414
2322.354507
2307.551622
2373.741642
0
0
0
0
0
0
0
0
0
0
0
0
0
0
0
0
0
2424.1482
2261.909869
2850.547843
2708.830053
2682.976261
2772.491939
2790.943332
0
0
0
0
0
0
0
0
0
0
0
0
0
0
0
0
0
2697.676046
2737.335169
2594.805416
2380.595344
2612.038103
2627.569909
2490.405502
0
0
0
0
0
0
0
0
0
0
0
0
0
0
0
0
0
2457.071816
2494.486058
2649.21618
2391.264054
2498.436851
2370.839456
2352.342268
0
0
0
0
0
0
0
0
0
0
0
0
0
0
0
0
0
2441.040948
2319.145675
2549.883455
2570.288777
2555.780037
2367.715588
2485.744228
0
0
0
0
0
0
0
0
0
0
0
0
0
0
0
0
0
2559.265864
2440.207489
2075.734846
2218.210443
2287.947282
2212.024277
2104.723875
0
0
0
0
0
0
0
0
0
0
0
0
0
0
0
0
0
2147.719607
2158.546637
2591.554492
2414.907958
2467.784999
2578.26104
2482.366549
0
0
0
0
0
0
0
0
0
0
0
0
0
0
0
0
0
2607.227522
2495.011645
2556.373048
2358.096485
2529.482758
2438.890758
2376.614624
0
0
0
0
0
0
0
0
0
0
0
0
0
0
0
0
0
2321.251773
2274.798371
2630.285141
2696.204595
2664.473525
2586.095491
2621.403926
0
0
0
0
0
0
0
0
0
0
0
0
0
0
0
0
0
2654.264066
2701.52065
2349.0786
2363.537711
2435.856366
2411.179775
2359.049613
0
0
0
0
0
0
0
0
0
0
0
0
0
0
0
0
0
2391.490984
2562.846103
2324.258011
2369.602804
2321.562612
2380.78822
2455.416147
0
0
0
0
0
0
0
0
0
0
0
0
0
0
0
0
0
2348.38861
2213.181368
2383.23208
2302.740883
2384.904301
2283.501049
2259.354297
0
0
0
0
0
0
0
0
0
0
0
0
0
0
0
0
0
2311.055786
2351.338001
2539.626868
2465.721729
2340.98653
2381.247738
2427.165847
0
0
0
0
0
0
0
0
0
0
0
0
0
0
0
0
0
2547.736596
2577.046087
2438.701104
2362.444909
2409.054603
2387.740287
2415.891145
0
0
0
0
0
0
0
0
0
0
0
0
0
0
0
0
0
2442.221457
2583.283355
2460.588536
2383.482126
2359.041211
2419.324745
2498.895411
0
0
0
0
0
0
0
0
0
0
0
0
0
0
0
0
0
2337.426998
2424.172411
2474.11156
2518.802065
2381.175711
2497.779738
2592.745144
0
0
0
0
0
0
0
0
0
0
0
0
0
0
0
0
0
2374.555719
2393.913893
2501.871509
2531.556692
2474.597339
2486.12025
2494.190129
0
0
0
0
0
0
0
0
0
0
0
0
0
0
0
0
0
2597.493808
2527.446665
2314.42418
2192.261117
2272.902458
2299.60214
2335.171949
0
0
0
0
0
0
0
0
0
0
0
0
0
0
0
0
0
2438.912499
2348.953008
2430.990012
2426.211769
2431.442679
2277.590958
2351.333644
0
0
0
0
0
0
0
0
0
0
0
0
0
0
0
0
0
2422.409637
2354.898179
2239.487601
2301.174002
2244.568555
2231.640694
2205.135473
0
0
0
0
0
0
0
0
0
0
0
0
0
0
0
0
0
2360.585382
2288.822967
2285.309563
2225.000735
2232.046351
2256.936046
2339.476879
0
0
0
0
0
0
0
0
0
0
0
0
0
0
0
0
0
2285.03373
2149.707295
2489.965902
2575.266908
2687.017452
2432.698493
2660.595777
0
0
0
0
0
0
0
0
0
0
0
0
0
0
0
0
0
2506.520559
2495.588774
2416.854433
2458.131486
2460.279057
2405.159154
2329.320094
0
0
0
0
0
0
0
0
0
0
0
0
0
0
0
0
0
2453.363812
2482.55219
2605.735186
2597.176449
2562.361014
2537.031329
2529.502171
0
0
0
0
0
0
0
0
0
0
0
0
0
0
0
0
0
2488.886592
2545.543529
2786.174832
2941.155579
2628.447998
2596.190979
2787.424129
0
0
0
0
0
0
0
0
0
0
0
0
0
0
0
0
0
2767.522622
2797.695958
2366.690934
2492.576328
2479.538042
2312.629172
2338.900452
0
0
0
0
0
0
0
0
0
0
0
0
0
0
0
0
0
2387.383419
2356.662323
2677.859623
2724.350969
2778.159825
2598.666921
2687.875451
0
0
0
0
0
0
0
0
0
0
0
0
0
0
0
0
0
2655.816714
2674.047559
2135.823107
2164.14911
2111.513009
2177.880865
2196.419125
0
0
0
0
0
0
0
0
0
0
0
0
0
0
0
0
0
2074.738222
1956.910364
2116.604779
2055.95081
2072.24406
2002.795746
2088.220023
0
0
0
0
0
0
0
0
0
0
0
0
0
0
0
0
0
2057.741308
2119.680065
2353.52376
2287.671062
2271.739432
2377.523296
2456.224481
0
0
0
0
0
0
0
0
0
0
0
0
0
0
0
0
0
2365.26024
2321.235953
2582.063809
2612.039304
2306.023757
2560.957842
2438.592285
0
0
0
0
0
0
0
0
0
0
0
0
0
0
0
0
0
2562.335621
2496.506514
2534.966952
2658.996621
2486.671256
2642.585155
2533.031234
0
0
0
0
0
0
0
0
0
0
0
0
0
0
0
0
0
2494.710181
2382.145261
2308.818301
2302.985783
2303.353984
2300.181177
2193.310598
0
0
0
0
0
0
0
0
0
0
0
0
0
0
0
0
0
2361.159095
2470.124253
2655.134342
2789.63795
2722.051572
2850.611029
2655.453442
0
0
0
0
0
0
0
0
0
0
0
0
0
0
0
0
0
2665.366392
2770.395693
2224.909249
2349.132934
2341.285122
2147.42671
2196.848538
0
0
0
0
0
0
0
0
0
0
0
0
0
0
0
0
0
2242.288964
2294.351745
2309.30012
2448.260193
2433.003619
2372.71448
2303.481766
0
0
0
0
0
0
0
0
0
0
0
0
0
0
0
0
0
2407.131899
2371.587683
2433.915038
2511.986286
2400.139598
2694.660229
2592.013245
0
0
0
0
0
0
0
0
0
0
0
0
0
0
0
0
0
2581.137376
2518.929049
2503.262105
2631.859626
2680.539114
2459.228038
2669.766014
0
0
0
0
0
0
0
0
0
0
0
0
0
0
0
0
0
2539.749102
2584.790736
2163.628973
2062.729135
2254.520818
2329.140553
2257.024428
0
0
0
0
0
0
0
0
0
0
0
0
0
0
0
0
0
2269.518351
2260.491049
2253.649817
2287.845167
2240.620183
2116.877547
2265.078205
0
0
0
0
0
0
0
0
0
0
0
0
0
0
0
0
0
2246.729418
2339.642422
2532.524542
2453.358962
2417.163862
2484.404043
2409.412057
0
0
0
0
0
0
0
0
0
0
0
0
0
0
0
0
0
2411.916531
2396.845993
2546.427758
2616.005807
2563.877968
2562.679184
2596.459118
0
0
0
0
0
0
0
0
0
0
0
0
0
0
0
0
0
2491.158934
2443.509657
2294.671951
2439.882615
2408.650583
2488.970762
2413.373555
0
0
0
0
0
0
0
0
0
0
0
0
0
0
0
0
0
2401.069394
2415.922763
2099.296382
2163.900947
2051.274256
2048.400186
2028.963849
0
0
0
0
0
0
0
0
0
0
0
0
0
0
0
0
0
2258.380884
2246.054293
1957.099649
2100.380402
2087.077951
2119.438056
2035.551836
0
0
0
0
0
0
0
0
0
0
0
0
0
0
0
0
0
2072.173803
2051.858301
2231.751375
2324.209036
2230.875278
2330.574926
2263.440489
0
0
0
0
0
0
0
0
0
0
0
0
0
0
0
0
0
2151.005615
2258.406112
2417.571409
2373.899148
2382.369944
2316.986831
2418.915049
0
0
0
0
0
0
0
0
0
0
0
0
0
0
0
0
0
2319.395973
2271.679765
2473.837548
2447.184277
2357.188429
2463.21529
2367.669357
0
0
0
0
0
0
0
0
0
0
0
0
0
0
0
0
0
2598.765888
2381.376708
2519.719897
2546.858702
2477.128423
2425.958719
2473.499574
0
0
0
0
0
0
0
0
0
0
0
0
0
0
0
0
0
2315.825784
2538.436237
2423.76242
2536.963746
2645.887685
2353.805548
2593.27554
0
0
0
0
0
0
0
0
0
0
0
0
0
0
0
0
0
2488.430307
2479.899328
2399.182423
2352.537481
2402.026001
2467.672902
2308.496011
0
0
0
0
0
0
0
0
0
0
0
0
0
0
0
0
0
2578.122462
2423.155939
2631.210684
2825.611402
2804.152933
2711.168627
2678.860336
0
0
0
0
0
0
0
0
0
0
0
0
0
0
0
0
0
2688.050971
2922.013705
2536.331406
2462.066654
2517.475283
2524.777066
2391.925767
0
0
0
0
0
0
0
0
0
0
0
0
0
0
0
0
0
2507.929906
2533.261416
2032.157289
2207.443932
2135.029171
2166.900419
2055.647187
0
0
0
0
0
0
0
0
0
0
0
0
0
0
0
0
0
2146.52025
2238.039457
2200.664615
2391.985586
2406.71167
2498.465981
2360.27477
0
0
0
0
0
0
0
0
0
0
0
0
0
0
0
0
0
2478.639582
2395.67676
2904.095377
2785.300638
2728.218219
2928.573107
3016.888227
0
0
0
0
0
0
0
0
0
0
0
0
0
0
0
0
0
2980.371962
2864.639563
2382.661871
2436.463038
2488.16416
2437.115936
2515.089203
0
0
0
0
0
0
0
0
0
0
0
0
0
0
0
0
0
2234.722846
2353.903158
2449.247505
2603.81655
2448.905448
2433.493932
2295.893054
0
0
0
0
0
0
0
0
0
0
0
0
0
0
0
0
0
2444.191501
2479.965618
2169.070325
2321.885252
2261.318101
2177.352395
2244.18309
0
0
0
0
0
0
0
0
0
0
0
0
0
0
0
0
0
2077.142481
2299.884486
2632.391992
2628.322871
2695.422222
2760.838118
2587.365637
0
0
0
0
0
0
0
0
0
0
0
0
0
0
0
0
0
2672.362787
2651.472405
2362.767678
2300.592774
2225.88997
2455.144611
2348.053641
0
0
0
0
0
0
0
0
0
0
0
0
0
0
0
0
0
2393.232248
2320.482328
2472.166014
2419.384144
2428.145312
2577.593388
2546.259632
0
0
0
0
0
0
0
0
0
0
0
0
0
0
0
0
0
2410.173227
2343.880715
2494.416155
2543.140795
2486.350801
2426.054991
2461.48347
0
0
0
0
0
0
0
0
0
0
0
0
0
0
0
0
0
2489.467371
2502.081788
2554.148944
2588.943362
2561.008879
2687.137851
2508.862254
0
0
0
0
0
0
0
0
0
0
0
0
0
0
0
0
0
2502.492489
2562.485978
2378.024564
2414.642266
2422.290255
2350.075072
2440.199478
0
0
0
0
0
0
0
0
0
0
0
0
0
0
0
0
0
2373.520763
2261.814366
2543.806324
2465.281407
2513.172974
2468.460959
2543.340476
0
0
0
0
0
0
0
0
0
0
0
0
0
0
0
0
0
2503.042488
2520.666452
2688.029226
2487.026493
2623.727193
2597.865485
2731.39408
0
0
0
0
0
0
0
0
0
0
0
0
0
0
0
0
0
2611.337892
2496.310969
2211.956836
2470.10641
2295.250045
2248.387257
2421.376689
0
0
0
0
0
0
0
0
0
0
0
0
0
0
0
0
0
2299.092362
2406.315234
2155.05178
2265.962011
2167.883951
2332.162466
2253.20267
0
0
0
0
0
0
0
0
0
0
0
0
0
0
0
0
0
2278.371941
2266.975897
2247.477125
2197.994933
2248.979475
2209.400694
2302.930911
0
0
0
0
0
0
0
0
0
0
0
0
0
0
0
0
0
2344.834454
2150.18059
2529.51286
2691.434957
2601.357142
2470.195046
2624.120812
0
0
0
0
0
0
0
0
0
0
0
0
0
0
0
0
0
2652.380942
2556.927317
2289.798681
2442.060715
2285.978272
2593.68168
2351.50734
0
0
0
0
0
0
0
0
0
0
0
0
0
0
0
0
0
2432.049798
2413.463115
2444.501049
2564.230295
2391.097204
2476.594425
2283.096588
0
0
0
0
0
0
0
0
0
0
0
0
0
0
0
0
0
2290.894286
2347.357752
2274.376846
2199.519594
2322.265493
2398.34654
2187.10576
0
0
0
0
0
0
0
0
0
0
0
0
0
0
0
0
0
2249.625541
2199.303282
2656.035207
2550.36421
2580.227667
2478.188358
2648.361949
0
0
0
0
0
0
0
0
0
0
0
0
0
0
0
0
0
2490.228473
2706.22521
2426.787045
2434.310311
2492.548096
2367.976204
2478.652583
0
0
0
0
0
0
0
0
0
0
0
0
0
0
0
0
0
2500.882753
2509.960157
2664.08418
2694.689355
2637.140913
2595.503271
2571.773156
0
0
0
0
0
0
0
0
0
0
0
0
0
0
0
0
0
2821.514149
2664.49403
2530.485929
2448.136381
2549.20106
2305.142882
2507.528959
0
0
0
0
0
0
0
0
0
0
0
0
0
0
0
0
0
2525.919802
2578.873455
2360.000689
2273.280354
2286.618688
2447.29328
2365.126263
0
0
0
0
0
0
0
0
0
0
0
0
0
0
0
0
0
2463.291496
2298.919593
2591.395199
2645.803993
2524.881476
2539.900885
2499.460588
0
0
0
0
0
0
0
0
0
0
0
0
0
0
0
0
0
2511.1697
2493.9735
2435.818822
2637.465647
2738.917616
2559.058473
2616.912821
0
0
0
0
0
0
0
0
0
0
0
0
0
0
0
0
0
2544.743104
2519.793294
2363.05413
2400.310564
2374.723016
2444.460525
2440.577784
0
0
0
0
0
0
0
0
0
0
0
0
0
0
0
0
0
2461.529673
2571.678956
2588.677614
2558.069433
2465.917978
2767.860963
2703.808588
0
0
0
0
0
0
0
0
0
0
0
0
0
0
0
0
0
2749.394994
2703.167644
2504.56941
2389.852791
2426.040001
2385.56081
2566.254421
0
0
0
0
0
0
0
0
0
0
0
0
0
0
0
0
0
2476.010603
2342.962026
2486.27739
2554.162951
2604.352672
2438.856242
2498.674893
0
0
0
0
0
0
0
0
0
0
0
0
0
0
0
0
0
2562.561916
2548.782276
2606.79227
2507.083847
2613.637465
2653.914259
2516.753987
0
0
0
0
0
0
0
0
0
0
0
0
0
0
0
0
0
2646.576804
2624.969025
2320.648632
2390.732117
2538.543373
2404.144634
2448.982573
0
0
0
0
0
0
0
0
0
0
0
0
0
0
0
0
0
2439.989019
2377.735474
2438.281836
2372.531493
2404.670231
2444.465615
2427.861959
0
0
0
0
0
0
0
0
0
0
0
0
0
0
0
0
0
2319.195476
2433.541788
2586.179612
2459.892357
2499.190677
2618.132908
2633.190647
0
0
0
0
0
0
0
0
0
0
0
0
0
0
0
0
0
2574.665523
2524.501141
2396.629125
2247.73011
2283.761931
2229.583509
2318.425522
0
0
0
0
0
0
0
0
0
0
0
0
0
0
0
0
0
2279.291054
2198.655046
2582.360245
2569.03415
2444.219286
2481.776671
2572.66324
0
0
0
0
0
0
0
0
0
0
0
0
0
0
0
0
0
2657.162499
2589.445583
