4529.103506
4660.043438
4085.392818
4492.830325
4466.950441
0
0
0
0
0
0
0
0
0
0
0
0
0
0
0
0
0
4542.578188
4790.705107
4523.783539
4586.243175
4736.705993
4892.176021
4500.200565
0
0
0
0
0
0
0
0
0
0
0
0
0
0
0
0
0
4711.841625
4571.291477
3938.037164
4111.850057
4016.799483
3958.914378
4048.834858
0
0
0
0
0
0
0
0
0
0
0
0
0
0
0
0
0
4014.673378
3940.643137
3594.326489
3534.534662
3367.848769
3440.435272
3598.89547
0
0
0
0
0
0
0
0
0
0
0
0
0
0
0
0
0
3553.649586
3414.167548
4273.61091
4300.874436
4347.716867
4359.491855
4340.062636
0
0
0
0
0
0
0
0
0
0
0
0
0
0
0
0
0
4346.590216
4502.986433
4057.893607
4028.727841
4106.549758
3982.794745
4054.097109
0
0
0
0
0
0
0
0
0
0
0
0
0
0
0
0
0
4154.66699
4097.443904
4330.251504
4271.43963
4439.398325
4116.304436
4186.150335
0
0
0
0
0
0
0
0
0
0
0
0
0
0
0
0
0
4347.497679
3948.414877
3930.712313
4114.787598
3747.90804
3824.030108
3777.552049
0
0
0
0
0
0
0
0
0
0
0
0
0
0
0
0
0
3782.748464
3891.459422
3943.350166
3980.763911
4012.043476
3895.020927
3876.288516
0
0
0
0
0
0
0
0
0
0
0
0
0
0
0
0
0
4062.725169
4027.709176
4249.223529
3987.312818
4252.006213
3953.189787
4155.341029
0
0
0
0
0
0
0
0
0
0
0
0
0
0
0
0
0
3897.13492
3991.40139
3964.016147
4157.047163
3907.782223
4044.569079
4136.390513
0
0
0
0
0
0
0
0
0
0
0
0
0
0
0
0
0
4010.824167
4137.690045
4388.776268
4549.405977
4535.35371
4331.50506
4472.181614
0
0
0
0
0
0
0
0
0
0
0
0
0
0
0
0
0
4573.359521
4575.876264
3285.376743
3523.608899
3437.28077
3590.37055
3529.685638
0
0
0
0
0
0
0
0
0
0
0
0
0
0
0
0
0
3655.185144
3748.625887
4360.593487
4135.926156
4341.868416
4104.529297
4248.08969
0
0
0
0
0
0
0
0
0
0
0
0
0
0
0
0
0
4207.235062
4124.860894
4415.253645
4271.256692
4165.615252
4619.523571
4474.46324
0
0
0
0
0
0
0
0
0
0
0
0
0
0
0
0
0
4499.571753
4368.540069
3987.104051
3825.587211
4053.158331
3653.254921
3961.052029
0
0
0
0
0
0
0
0
0
0
0
0
0
0
0
0
0
4061.523035
3931.426764
3597.074434
3696.355034
3838.033753
3933.129674
3716.919632
0
0
0
0
0
0
0
0
0
0
0
0
0
0
0
0
0
3728.4717
3916.6554
4254.569791
4308.544342
4482.245242
4346.34655
4324.023241
0
0
0
0
0
0
0
0
0
0
0
0
0
0
0
0
0
4338.384006
4215.445121
4205.060848
4133.059674
4047.138963
4406.235888
4213.75285
0
0
0
0
0
0
0
0
0
0
0
0
0
0
0
0
0
3957.610394
4320.595166
3702.731728
3628.109063
3624.61048
3789.518447
3696.042512
0
0
0
0
0
0
0
0
0
0
0
0
0
0
0
0
0
3708.27139
3600.221096
4291.881466
4081.827736
4146.063538
4058.499926
3893.719548
0
0
0
0
0
0
0
0
0
0
0
0
0
0
0
0
0
4139.726102
4123.602495
3915.393108
3781.715217
3752.144951
3989.946003
3772.896652
0
0
0
0
0
0
0
0
0
0
0
0
0
0
0
0
0
3677.345172
3842.389627
4073.79086
4037.417433
4170.004842
4031.738757
4352.766454
0
0
0
0
0
0
0
0
0
0
0
0
0
0
0
0
0
4286.158625
4062.196798
4187.929951
4566.594926
3982.236487
4111.749963
4177.499826
0
0
0
0
0
0
0
0
0
0
0
0
0
0
0
0
0
4077.532774
4308.525673
3864.298609
4024.579321
4066.410323
3925.665615
3833.662976
0
0
0
0
0
0
0
0
0
0
0
0
0
0
0
0
0
3986.040803
3916.020371
3775.812371
3827.072404
3959.121543
3781.937168
3815.043542
0
0
0
0
0
0
0
0
0
0
0
0
0
0
0
0
0
3668.761723
3743.257546
3561.982504
3850.764234
3783.509602
3622.676639
3898.287229
0
0
0
0
0
0
0
0
0
0
0
0
0
0
0
0
0
3753.510265
3646.937452
3558.986368
3870.623288
3584.255103
3868.411487
3627.21665
0
0
0
0
0
0
0
0
0
0
0
0
0
0
0
0
0
3747.314876
3962.051618
3849.252748
3663.488205
3833.698827
3790.41994
3671.832217
0
0
0
0
0
0
0
0
0
0
0
0
0
0
0
0
0
3727.766035
3772.608733
3882.22902
3786.714427
3932.429734
3854.109912
3903.730416
0
0
0
0
0
0
0
0
0
0
0
0
0
0
0
0
0
3691.566075
3638.969054
4432.837388
4593.989135
4260.592601
4328.524503
4487.74996
0
0
0
0
0
0
0
0
0
0
0
0
0
0
0
0
0
4463.017224
4230.868194
4590.919111
4470.552804
4573.434083
4490.989001
4600.246061
0
0
0
0
0
0
0
0
0
0
0
0
0
0
0
0
0
4485.468215
4533.6938
4148.78908
4075.811041
3859.249685
3873.656518
3923.537139
0
0
0
0
0
0
0
0
0
0
0
0
0
0
0
0
0
3987.401402
3952.982769
3927.677052
3884.002645
4010.678153
3890.283828
4021.473527
0
0
0
0
0
0
0
0
0
0
0
0
0
0
0
0
0
3881.673053
3873.870383
3606.366236
3616.033399
3772.683088
3626.32608
3681.32556
0
0
0
0
0
0
0
0
0
0
0
0
0
0
0
0
0
3718.328642
3729.710237
4166.823308
4004.56824
3912.386193
4197.098766
4231.698284
0
0
0
0
0
0
0
0
0
0
0
0
0
0
0
0
0
4082.150408
4094.827646
4260.327277
4313.150861
4185.473357
4226.764534
4345.367447
0
0
0
0
0
0
0
0
0
0
0
0
0
0
0
0
0
4096.908171
4446.740569
4186.26052
4266.447075
4332.840887
4291.948959
4454.513717
0
0
0
0
0
0
0
0
0
0
0
0
0
0
0
0
0
4157.205714
4160.751377
4351.406384
4306.559378
4339.012789
4261.210541
4146.988356
0
0
0
0
0
0
0
0
0
0
0
0
0
0
0
0
0
4454.708402
4374.73785
3759.13328
3710.10872
3947.716855
3750.617577
3522.10726
0
0
0
0
0
0
0
0
0
0
0
0
0
0
0
0
0
3747.160892
3559.655002
3891.703084
3990.065264
3865.877838
3812.965667
3815.996593
0
0
0
0
0
0
0
0
0
0
0
0
0
0
0
0
0
4074.853395
3799.575778
3854.961723
3849.860876
3765.885167
4051.011854
3852.692012
0
0
0
0
0
0
0
0
0
0
0
0
0
0
0
0
0
3879.714614
3867.197008
4428.029308
4470.36672
4486.868273
4346.424315
4248.198772
0
0
0
0
0
0
0
0
0
0
0
0
0
0
0
0
0
4438.459731
4483.488106
3789.327056
3923.979153
3720.271268
3854.560497
3627.85753
0
0
0
0
0
0
0
0
0
0
0
0
0
0
0
0
0
3941.039017
3920.435333
4535.005089
4450.425035
4472.198903
4279.714754
4193.579878
0
0
0
0
0
0
0
0
0
0
0
0
0
0
0
0
0
4367.636322
4459.927074
4146.68532
4053.919953
4370.24672
3994.721501
4274.743894
0
0
0
0
0
0
0
0
0
0
0
0
0
0
0
0
0
3925.648624
3875.428911
4004.879909
4211.926771
3949.608105
4246.771452
4090.759812
0
0
0
0
0
0
0
0
0
0
0
0
0
0
0
0
0
4181.603315
4039.946262
3874.347072
3783.261312
3765.968456
3895.022798
3884.383791
0
0
0
0
0
0
0
0
0
0
0
0
0
0
0
0
0
3895.614783
3841.109557
3879.350811
3887.400312
3915.877406
3970.450026
3949.457787
0
0
0
0
0
0
0
0
0
0
0
0
0
0
0
0
0
3639.965009
3584.66524
4069.561043
4105.308193
4320.48415
4231.861739
4281.490819
0
0
0
0
0
0
0
0
0
0
0
0
0
0
0
0
0
4325.239249
4170.058371
3801.436909
3943.706784
3671.059851
4075.302163
3990.696269
0
0
0
0
0
0
0
0
0
0
0
0
0
0
0
0
0
3686.890933
3733.782527
4114.948368
4112.52787
4089.638052
4333.697754
4077.519472
0
0
0
0
0
0
0
0
0
0
0
0
0
0
0
0
0
4274.440983
4152.811349
4172.372401
3968.527493
4200.505354
4148.234343
4158.947557
0
0
0
0
0
0
0
0
0
0
0
0
0
0
0
0
0
4091.857998
4257.809635
3992.556507
3783.252466
3715.345043
3856.642766
4208.833765
0
0
0
0
0
0
0
0
0
0
0
0
0
0
0
0
0
3815.953184
3707.799592
4226.114585
4361.323172
4496.854257
4377.820137
4277.045292
0
0
0
0
0
0
0
0
0
0
0
0
0
0
0
0
0
4621.066526
4503.776479
4551.273211
4764.030201
4526.766727
4810.345417
4498.640509
0
0
0
0
0
0
0
0
0
0
0
0
0
0
0
0
0
4657.034511
4401.761011
3904.428663
4076.748922
4052.39491
4103.726364
3894.611422
0
0
0
0
0
0
0
0
0
0
0
0
0
0
0
0
0
4069.606468
4085.142572
3957.095469
3943.212974
4119.944911
4050.922633
4164.28017
0
0
0
0
0
0
0
0
0
0
0
0
0
0
0
0
0
3963.929511
3974.15648
4544.675488
4280.620466
4456.889976
4224.286586
4172.44285
0
0
0
0
0
0
0
0
0
0
0
0
0
0
0
0
0
4270.605037
4277.4073
4183.337027
4128.41039
4089.516549
4110.473322
4322.284989
0
0
0
0
0
0
0
0
0
0
0
0
0
0
0
0
0
4313.411451
4101.921066
4162.203808
3976.68708
4170.88543
3829.554321
4044.215123
0
0
0
0
0
0
0
0
0
0
0
0
0
0
0
0
0
4143.043866
4124.151331
4016.470535
3996.873917
4107.68279
4118.257471
3941.530368
0
0
0
0
0
0
0
0
0
0
0
0
0
0
0
0
0
4107.829229
3866.962526
3638.012698
3823.66882
3923.189079
3768.700977
3769.222192
0
0
0
0
0
0
0
0
0
0
0
0
0
0
0
0
0
3817.316877
3895.297753
4154.489063
4204.216167
4344.239095
4235.701011
4249.387042
0
0
0
0
0
0
0
0
0
0
0
0
0
0
0
0
0
4177.998119
4355.751952
4155.865572
4203.768405
4184.266844
4376.083407
4590.932707
0
0
0
0
0
0
0
0
0
0
0
0
0
0
0
0
0
4078.767608
4413.736737
4070.905259
4161.02478
4083.412107
4393.628527
4258.335225
0
0
0
0
0
0
0
0
0
0
0
0
0
0
0
0
0
4209.01611
4070.006087
3508.631134
3527.56428
3429.895052
3699.393801
3705.653885
0
0
0
0
0
0
0
0
0
0
0
0
0
0
0
0
0
3418.239697
3763.37361
3757.603663
3980.406104
3716.222959
3663.838567
3589.920658
0
0
0
0
0
0
0
0
0
0
0
0
0
0
0
0
0
3674.510014
3647.501261
3659.549239
3791.059349
3823.892989
3790.016893
3896.279722
0
0
0
0
0
0
0
0
0
0
0
0
0
0
0
0
0
3597.077601
3821.921894
3689.927153
3637.85056
3747.38289
3688.596834
3593.74959
0
0
0
0
0
0
0
0
0
0
0
0
0
0
0
0
0
3588.150048
3705.970683
4296.04456
4575.762941
4412.686957
4409.139515
4491.638123
0
0
0
0
0
0
0
0
0
0
0
0
0
0
0
0
0
4610.348112
4445.872545
3773.297906
3497.905201
3805.674658
3816.222459
3669.108753
0
0
0
0
0
0
0
0
0
0
0
0
0
0
0
0
0
3756.461678
3731.337943
4045.45172
4108.758774
4150.808629
3983.547791
4109.065464
0
0
0
0
0
0
0
0
0
0
0
0
0
0
0
0
0
3858.512644
4162.854492
4105.588729
3989.919473
3882.001374
3823.978771
3890.057089
0
0
0
0
0
0
0
0
0
0
0
0
0
0
0
0
0
3937.172938
3826.237717
4447.921881
4507.270658
4319.952361
4444.163727
4444.510741
0
0
0
0
0
0
0
0
0
0
0
0
0
0
0
0
0
4429.893867
4598.610374
4138.080209
4149.880799
4180.986193
4076.257596
4283.911441
0
0
0
0
0
0
0
0
0
0
0
0
0
0
0
0
0
4329.788082
4466.914318
3796.031653
3631.660168
3537.566166
3670.189274
3714.690917
0
0
0
0
0
0
0
0
0
0
0
0
0
0
0
0
0
3549.595408
3869.686725
4207.055184
4044.69702
4138.166107
4190.843666
4279.817898
0
0
0
0
0
0
0
0
0
0
0
0
0
0
0
0
0
4099.418295
4267.219355
3873.682161
4163.81343
4001.553079
4111.418253
4008.953718
0
0
0
0
0
0
0
0
0
0
0
0
0
0
0
0
0
3943.112801
4015.342466
3790.832377
3807.275695
3896.323456
3775.817366
3834.704461
0
0
0
0
0
0
0
0
0
0
0
0
0
0
0
0
0
3958.40923
3782.697591
4168.15634
3999.451441
4125.038384
4151.196297
4355.426904
0
0
0
0
0
0
0
0
0
0
0
0
0
0
0
0
0
4239.981118
4241.278787
4122.180065
4444.296842
4162.399129
4106.970065
4208.619055
0
0
0
0
0
0
0
0
0
0
0
0
0
0
0
0
0
4302.902904
4211.189508
4183.111868
4104.346185
4124.141003
3831.066194
4011.775337
0
0
0
0
0
0
0
0
0
0
0
0
0
0
0
0
0
3837.42449
3931.489905
4135.759292
3965.773974
3827.196096
3833.790893
3902.962976
0
0
0
0
0
0
0
0
0
0
0
0
0
0
0
0
0
3933.514479
3855.133449
4264.770447
4071.068194
4140.987961
4170.195221
4148.656681
0
0
0
0
0
0
0
0
0
0
0
0
0
0
0
0
0
4121.932395
4189.650809
3721.654598
3701.516212
3628.130013
3802.196895
3646.487476
0
0
0
0
0
0
0
0
0
0
0
0
0
0
0
0
0
3701.583309
3762.640953
3757.361721
3378.953568
3684.937664
3562.525479
3614.798068
0
0
0
0
0
0
0
0
0
0
0
0
0
0
0
0
0
3685.279949
3392.467717
3866.521929
3797.217213
3908.703789
4044.394419
3938.83021
0
0
0
0
0
0
0
0
0
0
0
0
0
0
0
0
0
3832.277147
3902.027215
3738.241422
3932.89576
3711.117639
3765.966591
3731.316464
0
0
0
0
0
0
0
0
0
0
0
0
0
0
0
0
0
3698.067711
3683.704615
4397.914298
4607.558967
4327.885119
4282.180241
4580.332083
0
0
0
0
0
0
0
0
0
0
0
0
0
0
0
0
0
4543.49829
4484.397559
3986.243765
4157.911384
4039.936611
4146.151138
4126.898971
0
0
0
0
0
0
0
0
0
0
0
0
0
0
0
0
0
4213.991512
4017.056741
4769.007435
4761.870338
4714.810951
4467.89426
4712.839074
0
0
0
0
0
0
0
0
0
0
0
0
0
0
0
0
0
4629.832692
4639.531715
4107.19661
4153.221179
4030.267528
4270.358851
3872.36724
0
0
0
0
0
0
0
0
0
0
0
0
0
0
0
0
0
3965.025896
3653.172458
3290.410078
3329.62281
3468.995464
3396.109245
3350.165216
0
0
0
0
0
0
0
0
0
0
0
0
0
0
0
0
0
3409.624059
3300.566358
4410.985006
4122.925448
4147.931443
4321.189105
4740.752482
0
0
0
0
0
0
0
0
0
0
0
0
0
0
0
0
0
4306.981163
4367.044883
4262.764284
4547.506798
4653.400298
4545.262161
4651.478899
0
0
0
0
0
0
0
0
0
0
0
0
0
0
0
0
0
4430.003326
4542.058464
4363.981842
4507.726194
4441.976953
4512.022313
4260.120947
0
0
0
0
0
0
0
0
0
0
0
0
0
0
0
0
0
4283.712227
4397.762405
4083.544597
4035.120825
4220.743604
4206.35098
4063.700498
0
0
0
0
0
0
0
0
0
0
0
0
0
0
0
0
0
4293.020546
3990.210947
4430.197351
4385.581288
4195.795965
4359.818849
4484.804159
0
0
0
0
0
0
0
0
0
0
0
0
0
0
0
0
0
4560.954524
4304.310509
3712.108033
3873.476072
3900.033851
4099.485864
3848.565524
0
0
0
0
0
0
0
0
0
0
0
0
0
0
0
0
0
3805.640352
3976.943607
3819.919699
3847.648928
4065.773826
3808.657823
3791.387293
0
0
0
0
0
0
0
0
0
0
0
0
0
0
0
0
0
3872.699569
3999.740697
4421.881154
4115.864068
4278.311873
4178.541109
4396.677346
0
0
0
0
0
0
0
0
0
0
0
0
0
0
0
0
0
4273.358051
4147.253214
4604.599489
4404.704593
4325.614008
4481.631311
4628.398756
0
0
0
0
0
0
0
0
0
0
0
0
0
0
0
0
0
4438.455223
4232.46287
3716.6794
3677.738198
3774.686245
3403.477634
3488.206383
0
0
0
0
0
0
0
0
0
0
0
0
0
0
0
0
0
3659.657625
3477.532857
3898.23837
4220.042543
4088.723639
3915.055814
3951.36259
0
0
0
0
0
0
0
0
0
0
0
0
0
0
0
0
0
4176.525677
4059.945735
4296.605439
4679.456773
4328.192415
4375.882062
4605.471336
0
0
0
0
0
0
0
0
0
0
0
0
0
0
0
0
0
4481.683241
4440.881042
4180.796043
4162.997115
3896.419901
4168.997275
4064.484472
0
0
0
0
0
0
0
0
0
0
0
0
0
0
0
0
0
4156.05052
4056.33972
3754.60364
3602.895704
3833.273606
3819.187464
3766.529434
0
0
0
0
0
0
0
0
0
0
0
0
0
0
0
0
0
3763.384122
3805.332887
4091.977338
4607.112272
4271.485259
4486.794338
4377.149507
0
0
0
0
0
0
0
0
0
0
0
0
0
0
0
0
0
4438.103005
4338.706624
4510.796596
4270.778854
4293.712904
4438.33432
4229.544231
0
0
0
0
0
0
0
0
0
0
0
0
0
0
0
0
0
4412.823163
4534.725883
3839.304973
3878.193146
3852.993036
3630.991392
4003.281464
0
0
0
0
0
0
0
0
0
0
0
0
0
0
0
0
0
3906.030949
3896.981621
3999.495916
4111.203052
3896.650676
4057.225089
4035.993377
0
0
0
0
0
0
0
0
0
0
0
0
0
0
0
0
0
4094.040201
3913.460536
4048.627805
4132.897193
4014.85735
4171.215862
4058.247369
0
0
0
0
0
0
0
0
0
0
0
0
0
0
0
0
0
4094.852409
4228.127999
4071.153441
3958.30612
4309.79808
4195.282252
4359.892018
0
0
0
0
0
0
0
0
0
0
0
0
0
0
0
0
0
4071.004131
3925.393627
3683.737333
3789.297705
3781.961518
3743.207394
3796.978692
0
0
0
0
0
0
0
0
0
0
0
0
0
0
0
0
0
4048.288529
3880.217806
3509.297876
3577.874156
3846.648771
3766.320358
3552.402089
0
0
0
0
0
0
0
0
0
0
0
0
0
0
0
0
0
3610.836796
3573.345307
4375.484418
4344.286916
4127.906335
4365.099321
4434.230729
0
0
0
0
0
0
0
0
0
0
0
0
0
0
0
0
0
4501.053414
4155.774354
4189.058855
4234.038979
4207.712726
4219.975255
4199.139835
0
0
0
0
0
0
0
0
0
0
0
0
0
0
0
0
0
3997.309142
4301.805422
3700.371681
3822.346386
3902.431666
3984.162403
3888.765692
0
0
0
0
0
0
0
0
0
0
0
0
0
0
0
0
0
3794.169657
3727.455098
3759.88211
3831.516335
3771.461594
3746.601807
3757.5339
0
0
0
0
0
0
0
0
0
0
0
0
0
0
0
0
0
3726.964728
3619.34207
4264.594762
4340.990821
4210.309261
4123.879874
4050.130274
0
0
0
0
0
0
0
0
0
0
0
0
0
0
0
0
0
4200.448907
4029.351398
4750.378281
4669.273611
4622.896637
4869.214745
4761.420905
0
0
0
0
0
0
0
0
0
0
0
0
0
0
0
0
0
4866.131381
4678.580981
3920.05857
3887.152655
4341.708872
3774.646957
4305.600453
0
0
0
0
0
0
0
0
0
0
0
0
0
0
0
0
0
3917.036744
3913.9666
4354.814491
4152.598635
4135.519135
4126.215375
4138.38089
0
0
0
0
0
0
0
0
0
0
0
0
0
0
0
0
0
4215.264424
4359.595017
3816.784156
3661.25854
4089.27291
3875.788995
3891.878855
0
0
0
0
0
0
0
0
0
0
0
0
0
0
0
0
0
3811.353625
3847.841659
4009.685085
3937.762924
4037.106033
3945.621597
3769.908295
0
0
0
0
0
0
0
0
0
0
0
0
0
0
0
0
0
3917.91746
3927.986622
3992.946353
3968.787511
4019.952503
3827.803783
3823.46925
0
0
0
0
0
0
0
0
0
0
0
0
0
0
0
0
0
3944.791373
3759.577392
3915.682509
3731.436976
3847.098062
3684.969119
3673.635479
0
0
0
0
0
0
0
0
0
0
0
0
0
0
0
0
0
3775.729797
3721.001054
3457.405832
3492.57897
3436.238746
3443.280365
3516.549114
0
0
0
0
0
0
0
0
0
0
0
0
0
0
0
0
0
3515.155113
3443.801187
4164.091637
4238.240795
4013.335469
4376.667751
4215.970345
0
0
0
0
0
0
0
0
0
0
0
0
0
0
0
0
0
3981.556872
4178.91098
3408.020019
3565.639319
3688.168583
3494.987097
3632.718183
0
0
0
0
0
0
0
0
0
0
0
0
0
0
0
0
0
3516.08783
3551.198927
4032.875906
4174.23774
3995.370622
4048.96718
4161.693285
0
0
0
0
0
0
0
0
0
0
0
0
0
0
0
0
0
4062.872087
3977.934559
3710.806114
3978.137173
3882.446514
3897.265684
3818.606972
0
0
0
0
0
0
0
0
0
0
0
0
0
0
0
0
0
3926.857289
4102.661109
4344.090033
4486.955257
4258.719805
4376.020193
4838.841592
0
0
0
0
0
0
0
0
0
0
0
0
0
0
0
0
0
4388.976922
4386.400017
3795.590425
3981.651085
4209.093961
4180.532203
4190.193837
0
0
0
0
0
0
0
0
0
0
0
0
0
0
0
0
0
3808.102889
4329.128618
3599.962195
3655.405113
3843.928469
3596.990821
3548.30486
0
0
0
0
0
0
0
0
0
0
0
0
0
0
0
0
0
3714.4025
3748.049707
4309.320665
4253.046474
4185.310351
4358.279721
4245.085884
0
0
0
0
0
0
0
0
0
0
0
0
0
0
0
0
0
4239.306166
4368.517367
4281.378807
4082.659299
4135.35018
4296.199521
4038.948202
0
0
0
0
0
0
0
0
0
0
0
0
0
0
0
0
0
4119.468334
4167.753321
4414.701102
4180.134508
4408.033131
4096.669896
4381.585616
0
0
0
0
0
0
0
0
0
0
0
0
0
0
0
0
0
4354.031181
4173.255357
4394.422228
4212.918589
4615.111721
4283.218182
4499.772317
0
0
0
0
0
0
0
0
0
0
0
0
0
0
0
0
0
4405.143514
4312.695352
4598.891919
4413.756082
4575.360534
4589.447494
4584.791249
0
0
0
0
0
0
0
0
0
0
0
0
0
0
0
0
0
4750.278323
4229.151795
4041.097585
4043.797785
4041.891323
3966.266993
3862.193117
0
0
0
0
0
0
0
0
0
0
0
0
0
0
0
0
0
3924.018025
3868.298412
4661.313889
4265.965654
4511.504389
4635.588374
4601.475114
0
0
0
0
0
0
0
0
0
0
0
0
0
0
0
0
0
4527.098902
4633.497034
3842.006177
3814.663843
3932.585983
3776.800783
3961.418235
0
0
0
0
0
0
0
0
0
0
0
0
0
0
0
0
0
3787.499317
3768.902895
3834.397291
4084.535145
3986.946488
3968.279749
3915.670627
0
0
0
0
0
0
0
0
0
0
0
0
0
0
0
0
0
4161.186708
4086.102729
4351.474933
4324.051525
4320.896718
4369.720757
4471.047484
0
0
0
0
0
0
0
0
0
0
0
0
0
0
0
0
0
4562.629116
4390.219526
4528.666262
4475.954805
4483.2436
4284.22203
4338.911414
0
0
0
0
0
0
0
0
0
0
0
0
0
0
0
0
0
4201.279401
4372.969889
3404.400469
3479.82117
3638.414685
3408.348092
3507.491774
0
0
0
0
0
0
0
0
0
0
0
0
0
0
0
0
0
3589.012623
3439.999235
3856.3786
4038.114158
4065.297229
3889.15194
4075.574261
0
0
0
0
0
0
0
0
0
0
0
0
0
0
0
0
0
3917.290915
3898.980203
4484.063327
4665.026011
4446.93427
4147.949549
4337.869875
0
0
0
0
0
0
0
0
0
0
0
0
0
0
0
0
0
4360.737571
4573.215698
4253.483817
4059.838279
4155.674083
4145.11935
4191.930739
0
0
0
0
0
0
0
0
0
0
0
0
0
0
0
0
0
4058.843407
3960.449553
4247.311747
4378.883174
4345.070449
4006.824189
4248.670119
0
0
0
0
0
0
0
0
0
0
0
0
0
0
0
0
0
4192.757248
4349.023604
3689.854334
3962.521582
3893.128016
3801.101861
3754.820101
0
0
0
0
0
0
0
0
0
0
0
0
0
0
0
0
0
3900.036279
3885.807547
4282.358422
4479.046297
4297.269664
4372.535087
3938.068802
0
0
0
0
0
0
0
0
0
0
0
0
0
0
0
0
0
4338.769372
4362.570804
4334.938293
4164.840609
4259.356969
4247.460624
4071.884325
0
0
0
0
0
0
0
0
0
0
0
0
0
0
0
0
0
4224.708364
4222.472343
4153.042099
4411.396644
4137.959097
4382.140797
4241.360022
0
0
0
0
0
0
0
0
0
0
0
0
0
0
0
0
0
4110.95227
4415.915143
4166.070583
4087.087141
4227.254085
3935.052558
4273.878043
0
0
0
0
0
0
0
0
0
0
0
0
0
0
0
0
0
4089.79395
4020.845507
4287.083435
4028.866727
4106.418205
3941.431136
4135.080735
0
0
0
0
0
0
0
0
0
0
0
0
0
0
0
0
0
4186.656909
4256.311586
3959.664795
3658.858521
4006.364459
3988.083697
3822.98238
0
0
0
0
0
0
0
0
0
0
0
0
0
0
0
0
0
3986.935019
3996.628967
3722.240876
4137.767851
3772.363585
3937.296245
3879.015799
0
0
0
0
0
0
0
0
0
0
0
0
0
0
0
0
0
3951.649255
3781.175134
4499.855556
4457.761149
4578.562664
4166.796223
4437.314576
0
0
0
0
0
0
0
0
0
0
0
0
0
0
0
0
0
4670.789334
4457.433783
4116.257696
4084.224714
3966.172669
3991.186317
4000.03373
0
0
0
0
0
0
0
0
0
0
0
0
0
0
0
0
0
4006.686813
4343.925209
3734.562036
3850.506767
3746.112432
3903.369879
3981.75554
0
0
0
0
0
0
0
0
0
0
0
0
0
0
0
0
0
3788.77842
3895.492161
3545.353293
3598.198226
3753.555628
3725.644742
3818.603747
0
0
0
0
0
0
0
0
0
0
0
0
0
0
0
0
0
3785.951855
3650.75123
4040.98912
3988.683035
3941.338464
3932.150247
3961.444468
0
0
0
0
0
0
0
0
0
0
0
0
0
0
0
0
0
4058.327859
3814.240013
4041.91806
3878.256989
3837.801521
3863.843134
3699.15385
0
0
0
0
0
0
0
0
0
0
0
0
0
0
0
0
0
4006.472138
3660.864676
4468.714992
4679.570788
4441.395183
4631.630781
4561.019663
0
0
0
0
0
0
0
0
0
0
0
0
0
0
0
0
0
4548.504297
4431.895762
4300.023879
4366.685259
4172.609721
4291.757151
4275.954722
0
0
0
0
0
0
0
0
0
0
0
0
0
0
0
0
0
3983.83226
4086.533489
3724.478521
3425.809434
3508.729344
3745.339252
3541.667926
0
0
0
0
0
0
0
0
0
0
0
0
0
0
0
0
0
3609.355407
3792.502144
4254.230639
3985.46281
4032.914645
4257.652722
4331.135713
0
0
0
0
0
0
0
0
0
0
0
0
0
0
0
0
0
4260.98698
4213.895722
4130.199963
3955.49845
4203.974246
4236.44795
3891.563275
0
0
0
0
0
0
0
0
0
0
0
0
0
0
0
0
0
4151.134932
4065.797633
3634.485665
3665.537867
3573.80325
3762.049316
3788.04081
0
0
0
0
0
0
0
0
0
0
0
0
0
0
0
0
0
3660.803723
3720.55029
4010.197816
3998.295192
3854.544612
3821.058793
4003.421371
0
0
0
0
0
0
0
0
0
0
0
0
0
0
0
0
0
3821.001577
4037.079322
4321.271542
4179.077816
4392.996743
4090.456444
4243.596655
0
0
0
0
0
0
0
0
0
0
0
0
0
0
0
0
0
3984.493425
4294.191896
4239.944342
4461.939595
4245.366291
4167.173675
4286.137763
0
0
0
0
0
0
0
0
0
0
0
0
0
0
0
0
0
4322.796761
4178.157769
3661.172128
3740.574772
3712.707777
3685.877126
3754.375893
0
0
0
0
0
0
0
0
0
0
0
0
0
0
0
0
0
3547.152742
3714.60244
4213.208003
3948.032587
4247.442954
3990.944875
4062.731982
0
0
0
0
0
0
0
0
0
0
0
0
0
0
0
0
0
4059.198447
4275.847016
3587.816803
3658.677246
3462.090525
3589.210614
3697.94981
0
0
0
0
0
0
0
0
0
0
0
0
0
0
0
0
0
3598.333434
3451.725805
4647.922648
4570.94982
4524.12566
4479.771063
4426.499673
0
0
0
0
0
0
0
0
0
0
0
0
0
0
0
0
0
4380.058155
4722.289092
3634.203589
3873.234347
3987.999175
3905.649445
3912.425444
0
0
0
0
0
0
0
0
0
0
0
0
0
0
0
0
0
4044.290485
3830.999553
4278.616943
4384.913842
4307.389241
4114.849262
4096.653725
0
0
0
0
0
0
0
0
0
0
0
0
0
0
0
0
0
4011.299889
4360.056397
3783.198272
3790.738311
3625.60945
3831.032823
3677.318728
0
0
0
0
0
0
0
0
0
0
0
0
0
0
0
0
0
3658.03471
3792.20094
4314.468476
4168.239604
4291.656784
4223.778151
4134.484943
0
0
0
0
0
0
0
0
0
0
0
0
0
0
0
0
0
4220.298541
4405.395303
3829.611017
3992.507053
3876.82151
3768.627266
4224.730894
0
0
0
0
0
0
0
0
0
0
0
0
0
0
0
0
0
4119.910688
3916.377648
3495.368737
3510.405327
3393.897292
3604.954762
3467.865461
0
0
0
0
0
0
0
0
0
0
0
0
0
0
0
0
0
3508.661207
3500.607599
3637.799616
3708.086097
3812.557986
3771.753708
3817.099149
0
0
0
0
0
0
0
0
0
0
0
0
0
0
0
0
0
3789.052808
3641.756501
4330.638958
4070.155983
4040.733401
3910.446897
4308.75842
0
0
0
0
0
0
0
0
0
0
0
0
0
0
0
0
0
4023.003401
4218.151414
4373.066462
4430.008013
4317.834922
4494.81328
4098.494586
0
0
0
0
0
0
0
0
0
0
0
0
0
0
0
0
0
4148.154957
4146.107911
3520.648035
3780.749775
3751.189803
3797.446647
3984.599338
0
0
0
0
0
0
0
0
0
0
0
0
0
0
0
0
0
3869.309189
3698.203442
3875.083405
3861.31864
3833.222589
4023.83434
3855.088034
0
0
0
0
0
0
0
0
0
0
0
0
0
0
0
0
0
4240.507401
3934.921002
4699.549376
4319.98561
4769.656595
4501.992268
4665.035324
0
0
0
0
0
0
0
0
0
0
0
0
0
0
0
0
0
4466.600254
4587.773343
4033.555896
4110.341128
4180.22823
4197.794197
4045.520407
0
0
0
0
0
0
0
0
0
0
0
0
0
0
0
0
0
4099.916218
4076.606356
4027.980887
3873.02793
3941.048186
3781.222409
4057.634146
0
0
0
0
0
0
0
0
0
0
0
0
0
0
0
0
0
3877.143186
4055.006366
4617.167093
4488.151563
4576.346987
4532.667826
4521.135396
0
0
0
0
0
0
0
0
0
0
0
0
0
0
0
0
0
4772.356861
4590.498089
4204.331068
4185.426829
4197.786019
4112.848135
4003.15516
0
0
0
0
0
0
0
0
0
0
0
0
0
0
0
0
0
4312.049468
4235.525943
4838.923482
4868.699787
4976.114168
4892.051297
4931.739399
0
0
0
0
0
0
0
0
0
0
0
0
0
0
0
0
0
4893.925809
4740.748532
3793.537366
3966.741911
3899.752107
4077.665689
3874.368841
0
0
0
0
0
0
0
0
0
0
0
0
0
0
0
0
0
4043.48402
3924.949933
3810.182893
3907.427123
3790.312111
3798.642304
3918.711878
0
0
0
0
0
0
0
0
0
0
0
0
0
0
0
0
0
3761.054269
3654.242497
3795.197091
3578.386827
3805.926731
3731.439279
3781.555667
0
0
0
0
0
0
0
0
0
0
0
0
0
0
0
0
0
3848.860786
3721.194401
4275.152033
4575.059781
4683.969422
4473.203448
4565.583151
0
0
0
0
0
0
0
0
0
0
0
0
0
0
0
0
0
4566.382205
4436.120611
4199.896237
4074.542424
4059.769058
4287.366472
4303.167136
0
0
0
0
0
0
0
0
0
0
0
0
0
0
0
0
0
4340.533736
4209.925489
3902.60522
4044.065883
4145.930628
4407.659174
4062.422145
0
0
0
0
0
0
0
0
0
0
0
0
0
0
0
0
0
4140.246423
3961.808126
3891.95823
3946.850654
3751.268349
4006.86384
3638.519383
0
0
0
0
0
0
0
0
0
0
0
0
0
0
0
0
0
3888.36172
4007.198596
3769.556293
3781.602155
3836.05838
3947.05589
3942.359367
0
0
0
0
0
0
0
0
0
0
0
0
0
0
0
0
0
3801.659476
3720.781133
3746.448513
3523.363891
3568.24326
3579.469348
3561.752393
0
0
0
0
0
0
0
0
0
0
0
0
0
0
0
0
0
3575.949593
3574.262315
4213.089265
4196.725814
3951.38952
4104.340818
4168.1878
0
0
0
0
0
0
0
0
0
0
0
0
0
0
0
0
0
4116.302424
4069.362615
4108.466999
4128.342751
4268.769816
4224.255595
4244.261309
0
0
0
0
0
0
0
0
0
0
0
0
0
0
0
0
0
4172.557652
4192.604106
3750.857092
3804.168597
3720.914425
3723.636829
3856.849512
0
0
0
0
0
0
0
0
0
0
0
0
0
0
0
0
0
3791.547503
3818.464632
4024.234023
3815.06958
3826.997945
3874.854411
3688.163563
0
0
0
0
0
0
0
0
0
0
0
0
0
0
0
0
0
3925.242795
3764.849431
4127.166576
4122.809971
4108.366992
3903.582571
4271.36938
0
0
0
0
0
0
0
0
0
0
0
0
0
0
0
0
0
4249.297432
4269.598439
3888.832636
4155.98809
3856.371765
4148.123036
3873.759725
0
0
0
0
0
0
0
0
0
0
0
0
0
0
0
0
0
3929.048483
4278.491724
4110.662693
3965.257671
4194.949725
4205.774162
3895.209984
0
0
0
0
0
0
0
0
0
0
0
0
0
0
0
0
0
3824.992909
4163.109012
4607.871032
4229.642148
4241.06719
4129.308288
4472.947723
0
0
0
0
0
0
0
0
0
0
0
0
0
0
0
0
0
4145.031623
4083.230711
3875.80654
3814.939599
3950.269126
3857.826139
4022.53403
0
0
0
0
0
0
0
0
0
0
0
0
0
0
0
0
0
3949.277112
3877.506294
4042.16124
4331.020149
4101.437073
4069.159973
4253.062034
0
0
0
0
0
0
0
0
0
0
0
0
0
0
0
0
0
4470.573454
4115.000659
3734.895845
3827.028362
3980.512738
3615.671786
3765.12831
0
0
0
0
0
0
0
0
0
0
0
0
0
0
0
0
0
3970.993147
3856.938095
4551.088479
4363.275743
4440.224736
4240.086844
4271.279077
0
0
0
0
0
0
0
0
0
0
0
0
0
0
0
0
0
4508.614078
4530.02305
3908.687727
3794.91038
3972.559516
3982.680505
3921.395203
0
0
0
0
0
0
0
0
0
0
0
0
0
0
0
0
0
3812.296342
4021.80473
4052.729284
4108.465792
4168.91759
4380.533683
3933.545287
0
0
0
0
0
0
0
0
0
0
0
0
0
0
0
0
0
4002.077517
4169.944558
4094.605787
4284.054922
4166.598893
4172.580097
4289.335444
0
0
0
0
0
0
0
0
0
0
0
0
0
0
0
0
0
3937.984064
4303.633845
3664.729027
3779.217328
3802.508116
3760.364567
4091.507158
0
0
0
0
0
0
0
0
0
0
0
0
0
0
0
0
0
3846.609349
3846.704106
4226.569534
4125.485997
4209.582937
4201.198208
4520.675869
0
0
0
0
0
0
0
0
0
0
0
0
0
0
0
0
0
4310.839644
4623.181247
4234.27285
3931.476418
4044.441295
4076.042882
4022.259979
0
0
0
0
0
0
0
0
0
0
0
0
0
0
0
0
0
4172.843638
3911.346342
3643.163179
3701.336383
3623.374364
3637.711348
3861.092783
0
0
0
0
0
0
0
0
0
0
0
0
0
0
0
0
0
3825.048576
3803.679852
3800.75232
3954.446758
3765.003975
3896.039918
3811.324802
0
0
0
0
0
0
0
0
0
0
0
0
0
0
0
0
0
3971.504513
3895.182558
3660.116534
3593.263005
3735.561351
3651.487718
3846.829004
0
0
0
0
0
0
0
0
0
0
0
0
0
0
0
0
0
3730.414477
3778.156013
4251.261105
4273.353055
4030.281063
4169.768027
4365.416068
0
0
0
0
0
0
0
0
0
0
0
0
0
0
0
0
0
4593.636136
4144.093622
4359.192154
4129.369209
4743.483771
4312.947497
4224.246723
0
0
0
0
0
0
0
0
0
0
0
0
0
0
0
0
0
4382.805375
4085.354793
3874.701023
3896.738786
3782.866937
3948.280303
3972.163
0
0
0
0
0
0
0
0
0
0
0
0
0
0
0
0
0
3892.893225
4018.178097
3885.838145
3814.497811
3688.114644
4028.749208
3689.304499
0
0
0
0
0
0
0
0
0
0
0
0
0
0
0
0
0
3863.350371
3964.219107
3856.392791
3986.767022
4241.878575
4082.446028
3957.704228
0
0
0
0
0
0
0
0
0
0
0
0
0
0
0
0
0
3903.834362
4075.64447
4567.251896
4489.489259
4189.735765
4607.883623
4375.909587
0
0
0
0
0
0
0
0
0
0
0
0
0
0
0
0
0
4485.289222
4349.922825
4207.766485
4068.014817
3889.446128
4052.265234
4044.37436
0
0
0
0
0
0
0
0
0
0
0
0
0
0
0
0
0
3805.966885
3802.792718
3859.993208
3942.328841
3836.373086
3995.497057
3822.092337
0
0
0
0
0
0
0
0
0
0
0
0
0
0
0
0
0
3877.821175
3801.153051
4119.382662
4064.416371
4135.865913
4165.700859
4072.024237
0
0
0
0
0
0
0
0
0
0
0
0
0
0
0
0
0
3932.258505
3950.358911
4381.456013
4442.688302
4497.437824
4657.401314
4506.91364
0
0
0
0
0
0
0
0
0
0
0
0
0
0
0
0
0
4364.954809
4393.720409
4035.909241
3989.423156
4236.724816
4193.326819
4110.163753
0
0
0
0
0
0
0
0
0
0
0
0
0
0
0
0
0
4140.406815
3936.266921
4077.653166
4143.084572
4072.044238
4143.160434
4163.833701
0
0
0
0
0
0
0
0
0
0
0
0
0
0
0
0
0
3956.717969
4299.572584
4792.408488
4597.190083
4764.683665
4851.561381
4514.958432
0
0
0
0
0
0
0
0
0
0
0
0
0
0
0
0
0
4401.36637
4653.768801
3479.527957
3609.445016
3548.640914
3719.364961
3671.226493
0
0
0
0
0
0
0
0
0
0
0
0
0
0
0
0
0
3614.44645
3613.895396
3934.164618
3900.588875
3880.317897
3923.753158
4075.215941
0
0
0
0
0
0
0
0
0
0
0
0
0
0
0
0
0
3901.508979
4005.874326
3947.383115
3881.233234
3880.897898
4000.656011
3994.171687
0
0
0
0
0
0
0
0
0
0
0
0
0
0
0
0
0
4193.563754
3945.366072
3965.114366
3885.799096
3875.040038
4001.655521
4202.56309
0
0
0
0
0
0
0
0
0
0
0
0
0
0
0
0
0
3816.644216
3994.100134
4163.098936
4044.224666
4079.665928
3885.380567
4125.634832
0
0
0
0
0
0
0
0
0
0
0
0
0
0
0
0
0
4118.340455
4154.743356
3793.111007
3706.798965
3771.766184
3690.128947
3579.915487
0
0
0
0
0
0
0
0
0
0
0
0
0
0
0
0
0
3696.787085
3787.421592
4426.428678
4519.007257
4373.362226
4502.994838
4454.067575
0
0
0
0
0
0
0
0
0
0
0
0
0
0
0
0
0
4553.772602
4123.912269
4417.891355
4708.820663
4492.647364
4711.01833
4332.739054
0
0
0
0
0
0
0
0
0
0
0
0
0
0
0
0
0
4528.341779
4654.1554
3592.557493
3744.170265
3437.67833
3652.12974
3664.359489
0
0
0
0
0
0
0
0
0
0
0
0
0
0
0
0
0
3589.419855
3831.425778
3937.681945
3920.490588
4065.731455
3759.653316
3893.71975
0
0
0
0
0
0
0
0
0
0
0
0
0
0
0
0
0
4056.479032
3953.343114
4091.051879
3989.766355
3964.8837
4151.133876
3992.684035
0
0
0
0
0
0
0
0
0
0
0
0
0
0
0
0
0
3897.424451
3901.623765
3991.382445
4197.738814
4125.196858
4148.737933
4375.111183
0
0
0
0
0
0
0
0
0
0
0
0
0
0
0
0
0
4093.842242
4236.244844
4793.614874
4723.176171
4690.370654
4926.006698
4472.702406
0
0
0
0
0
0
0
0
0
0
0
0
0
0
0
0
0
4763.756661
4834.966922
4007.132964
3976.160607
4068.949022
4040.322996
4134.229087
0
0
0
0
0
0
0
0
0
0
0
0
0
0
0
0
0
4099.626113
3878.383433
4445.032461
4415.452387
4284.856755
4331.500382
4310.936259
0
0
0
0
0
0
0
0
0
0
0
0
0
0
0
0
0
4291.462267
4433.115661
4007.313615
3990.388425
3999.859584
4039.390725
3890.146757
0
0
0
0
0
0
0
0
0
0
0
0
0
0
0
0
0
3865.246831
3920.516448
4124.966503
4065.375767
3948.388238
4016.000283
3835.772471
0
0
0
0
0
0
0
0
0
0
0
0
0
0
0
0
0
4195.9295
4195.25768
4069.263902
4197.255593
4092.42341
4293.653964
4136.809192
0
0
0
0
0
0
0
0
0
0
0
0
0
0
0
0
0
4274.992313
4122.302181
4412.548356
4343.237066
4404.307756
4151.478506
4261.33337
0
0
0
0
0
0
0
0
0
0
0
0
0
0
0
0
0
4439.114988
4258.219884
3903.720004
3725.644058
3991.815857
4037.924958
3868.74098
0
0
0
0
0
0
0
0
0
0
0
0
0
0
0
0
0
3937.67077
3824.216798
4161.654014
4300.642876
4043.867036
4343.997285
4037.439565
0
0
0
0
0
0
0
0
0
0
0
0
0
0
0
0
0
4121.810061
4399.650297
3843.211951
3749.217762
3735.803804
3915.397475
3766.131036
0
0
0
0
0
0
0
0
0
0
0
0
0
0
0
0
0
3888.056261
3943.629723
3530.53814
3645.087293
3652.926468
3653.836566
3741.351244
0
0
0
0
0
0
0
0
0
0
0
0
0
0
0
0
0
3806.966622
3601.708472
4205.619664
4263.559939
4389.338365
4281.302371
4292.417247
0
0
0
0
0
0
0
0
0
0
0
0
0
0
0
0
0
4271.28045
4078.911023
4066.028677
3969.236576
3961.245013
3790.172551
4036.663488
0
0
0
0
0
0
0
0
0
0
0
0
0
0
0
0
0
4061.094822
3820.122224
3902.668862
4067.145367
4131.703289
4261.184805
4129.972082
0
0
0
0
0
0
0
0
0
0
0
0
0
0
0
0
0
4253.587059
4175.549459
3721.082453
3890.119229
3914.498466
3790.065685
3859.469155
0
0
0
0
0
0
0
0
0
0
0
0
0
0
0
0
0
3710.679186
3694.67313
3893.883898
3762.327154
3956.205593
3920.553667
3906.43657
0
0
0
0
0
0
0
0
0
0
0
0
0
0
0
0
0
3942.516259
3846.363138
3664.082646
3839.345653
3787.318714
3789.282144
3738.695561
0
0
0
0
0
0
0
0
0
0
0
0
0
0
0
0
0
3744.549867
3684.501029
4354.779516
4275.256484
4294.132384
4179.524548
4395.606935
0
0
0
0
0
0
0
0
0
0
0
0
0
0
0
0
0
4362.728242
3996.156585
3722.455378
3458.202493
3554.592873
3623.62066
3608.617942
0
0
0
0
0
0
0
0
0
0
0
0
0
0
0
0
0
3579.752089
3638.542696
3765.676041
3935.753719
3798.120324
3996.703547
3969.025106
0
0
0
0
0
0
0
0
0
0
0
0
0
0
0
0
0
3944.2582
3866.228175
4067.955388
4092.249753
4193.282433
4056.053672
4134.470942
0
0
0
0
0
0
0
0
0
0
0
0
0
0
0
0
0
4224.988916
4167.689158
4405.244178
4627.082621
4397.130499
4223.416138
4394.551372
0
0
0
0
0
0
0
0
0
0
0
0
0
0
0
0
0
4271.068952
4327.814494
4569.3823
4539.130582
4387.74305
4406.403521
4472.724913
0
0
0
0
0
0
0
0
0
0
0
0
0
0
0
0
0
4622.04758
4329.576303
4114.216855
4043.744494
4169.230576
4090.423206
4212.404478
0
0
0
0
0
0
0
0
0
0
0
0
0
0
0
0
0
4252.46748
4078.950613
3761.133427
3898.114831
4162.571499
3806.830088
3856.519912
0
0
0
0
0
0
0
0
0
0
0
0
0
0
0
0
0
3989.264793
4061.013884
3828.049728
3896.466495
3823.426256
4168.365756
3800.609881
0
0
0
0
0
0
0
0
0
0
0
0
0
0
0
0
0
4110.953164
4039.81045
4311.001224
4501.9368
4234.343085
4534.486804
4652.0577
0
0
0
0
0
0
0
0
0
0
0
0
0
0
0
0
0
4488.861207
4486.456418
4200.549236
4258.262148
3976.137259
4133.494666
4110.136302
0
0
0
0
0
0
0
0
0
0
0
0
0
0
0
0
0
4236.913449
4306.310299
3667.415315
3805.650157
3978.428353
3932.167866
3935.25891
0
0
0
0
0
0
0
0
0
0
0
0
0
0
0
0
0
4042.199457
3998.360182
3708.5124
3671.537945
3821.271566
3601.230137
3695.464721
0
0
0
0
0
0
0
0
0
0
0
0
0
0
0
0
0
3645.139746
3760.500143
3888.836232
4044.368113
4055.941303
4008.082109
4063.83206
0
0
0
0
0
0
0
0
0
0
0
0
0
0
0
0
0
4065.40375
4239.345238
3789.336551
3682.735948
3989.963883
3956.977758
4037.932378
0
0
0
0
0
0
0
0
0
0
0
0
0
0
0
0
0
3916.836959
3816.411634
3967.571581
3899.657112
3807.462251
3896.915799
3918.56081
0
0
0
0
0
0
0
0
0
0
0
0
0
0
0
0
0
3771.013121
3675.688453
4985.692968
5037.481979
4956.289242
5198.030708
4877.628513
0
0
0
0
0
0
0
0
0
0
0
0
0
0
0
0
0
4740.608474
4819.062304
3960.880569
4044.76446
3988.535262
4037.378753
3932.12214
0
0
0
0
0
0
0
0
0
0
0
0
0
0
0
0
0
4122.431647
3881.468821
4236.278739
4440.286883
4205.766824
4205.923514
4355.338208
0
0
0
0
0
0
0
0
0
0
0
0
0
0
0
0
0
4260.563508
4475.888582
3728.308962
3578.656766
3794.649496
3606.723167
3471.621261
0
0
0
0
0
0
0
0
0
0
0
0
0
0
0
0
0
3667.970464
3765.269781
4572.296856
4387.048705
4579.033121
4540.047547
4530.689402
0
0
0
0
0
0
0
0
0
0
0
0
0
0
0
0
0
4279.379378
4644.532522
3681.446241
3779.370574
3747.844851
3684.705811
3683.00028
0
0
0
0
0
0
0
0
0
0
0
0
0
0
0
0
0
3586.756957
3325.059213
4023.492455
3843.067048
4063.883455
4083.708189
4027.955628
0
0
0
0
0
0
0
0
0
0
0
0
0
0
0
0
0
4064.434795
3821.901247
4036.269438
4079.731815
4165.627532
4201.816754
4067.077947
0
0
0
0
0
0
0
0
0
0
0
0
0
0
0
0
0
4150.537497
4075.858584
3819.210789
3765.46713
3502.124019
3772.339574
3660.985515
0
0
0
0
0
0
0
0
0
0
0
0
0
0
0
0
0
3697.641232
3841.961576
4001.732964
3944.984768
4044.998796
4305.302094
4252.661964
0
0
0
0
0
0
0
0
0
0
0
0
0
0
0
0
0
4001.792635
4128.072986
3834.343431
3708.330847
3973.443001
3784.438196
3822.674578
0
0
0
0
0
0
0
0
0
0
0
0
0
0
0
0
0
3840.216464
3861.841606
4272.263001
4045.093703
4068.591288
4321.956277
4236.336233
0
0
0
0
0
0
0
0
0
0
0
0
0
0
0
0
0
4042.096941
4244.578266
3578.276804
3895.691787
3706.012062
3540.590683
3787.587755
0
0
0
0
0
0
0
0
0
0
0
0
0
0
0
0
0
3642.529674
3844.053543
4125.539488
4287.935317
4151.853115
4242.028589
4123.085702
0
0
0
0
0
0
0
0
0
0
0
0
0
0
0
0
0
4006.743236
4049.615712
4397.625844
4066.689573
4231.804431
4185.418271
4164.225169
0
0
0
0
0
0
0
0
0
0
0
0
0
0
0
0
0
4161.630099
4293.765836
4165.815724
4258.212508
4197.71857
4092.673144
4111.763158
0
0
0
0
0
0
0
0
0
0
0
0
0
0
0
0
0
4134.641606
4253.166752
4117.995654
4248.290046
4272.511956
4279.818726
4020.420795
0
0
0
0
0
0
0
0
0
0
0
0
0
0
0
0
0
4226.648068
4244.194845
4405.923799
4572.289036
4558.549153
4274.664218
4306.717646
0
0
0
0
0
0
0
0
0
0
0
0
0
0
0
0
0
4569.436913
4622.800025
4498.535668
4270.987028
4439.068744
4253.862836
4226.403672
0
0
0
0
0
0
0
0
0
0
0
0
0
0
0
0
0
4431.887151
4451.03047
3941.842484
3953.104613
3897.260212
3859.78964
4014.608436
0
0
0
0
0
0
0
0
0
0
0
0
0
0
0
0
0
3685.166148
3849.605877
4055.936037
3974.222549
3716.112453
4192.180769
3860.536147
0
0
0
0
0
0
0
0
0
0
0
0
0
0
0
0
0
4209.730322
4048.867849
4570.092286
4601.374719
4862.133553
4473.716791
4626.951625
0
0
0
0
0
0
0
0
0
0
0
0
0
0
0
0
0
4806.160638
4754.520665
4384.973687
4435.700611
4300.494714
4511.078488
4154.854668
0
0
0
0
0
0
0
0
0
0
0
0
0
0
0
0
0
4280.812764
4395.038276
3926.391906
4188.280079
4177.988799
4232.286978
3840.849905
0
0
0
0
0
0
0
0
0
0
0
0
0
0
0
0
0
4032.415083
4063.407317
4060.975928
4378.092672
4139.207982
4249.845396
4258.487467
0
0
0
0
0
0
0
0
0
0
0
0
0
0
0
0
0
4146.781116
4171.481301
4464.065492
4511.715592
4567.284416
4583.256283
4531.671678
0
0
0
0
0
0
0
0
0
0
0
0
0
0
0
0
0
4219.882885
4319.146748
3908.505994
4138.96565
4119.442059
4023.782583
3918.10562
0
0
0
0
0
0
0
0
0
0
0
0
0
0
0
0
0
4021.508751
3952.044792
4297.523414
4155.112805
4125.389147
4190.416482
4269.19522
0
0
0
0
0
0
0
0
0
0
0
0
0
0
0
0
0
4133.387
4045.024672
4256.504579
4303.070135
4348.900122
4448.313671
4369.859709
0
0
0
0
0
0
0
0
0
0
0
0
0
0
0
0
0
4188.761438
4460.401416
3883.312952
3661.45896
3900.096804
3899.350053
3920.167033
0
0
0
0
0
0
0
0
0
0
0
0
0
0
0
0
0
3764.077681
3903.825755
4420.486324
4318.463181
4306.290063
4350.657827
4281.586724
0
0
0
0
0
0
0
0
0
0
0
0
0
0
0
0
0
4116.917764
4185.18812
4646.28752
4587.01181
4485.939365
4740.417817
4851.063322
0
0
0
0
0
0
0
0
0
0
0
0
0
0
0
0
0
4817.202661
4904.044948
3920.568194
4061.754594
4115.654692
4210.818881
4095.739643
0
0
0
0
0
0
0
0
0
0
0
0
0
0
0
0
0
4140.282169
3981.188948
4112.63713
4141.851057
4132.406369
4144.191369
4366.789673
0
0
0
0
0
0
0
0
0
0
0
0
0
0
0
0
0
4094.152369
4031.277758
4686.213549
4304.486999
4383.276908
4582.041201
4476.508706
0
0
0
0
0
0
0
0
0
0
0
0
0
0
0
0
0
4672.472279
4646.574993
4178.992605
4297.983953
4322.390147
4428.646315
4143.523403
0
0
0
0
0
0
0
0
0
0
0
0
0
0
0
0
0
4138.90612
4321.522358
4498.813646
4806.853232
4505.185866
4471.552995
4862.440048
0
0
0
0
0
0
0
0
0
0
0
0
0
0
0
0
0
4595.188653
4641.109903
3708.619102
3729.31572
3896.010791
3768.832225
3845.122146
0
0
0
0
0
0
0
0
0
0
0
0
0
0
0
0
0
3620.305332
3801.470489
4856.938636
4774.694201
4878.189886
4619.973987
4967.203329
0
0
0
0
0
0
0
0
0
0
0
0
0
0
0
0
0
4892.67192
4892.706647
3692.301141
3895.479152
3548.447905
3543.608816
4084.614876
0
0
0
0
0
0
0
0
0
0
0
0
0
0
0
0
0
3947.229136
3947.219878
4453.505944
4409.70855
4590.670975
4224.210169
4339.164642
0
0
0
0
0
0
0
0
0
0
0
0
0
0
0
0
0
4178.087216
4430.623682
4354.581095
4493.509727
4344.396415
4164.446071
4181.921333
0
0
0
0
0
0
0
0
0
0
0
0
0
0
0
0
0
4271.182728
4425.687001
3763.154418
3766.032235
3774.220824
3895.293262
3707.73552
0
0
0
0
0
0
0
0
0
0
0
0
0
0
0
0
0
3691.939723
3971.275051
4671.468314
4720.519934
4872.561469
4840.597958
4730.129753
0
0
0
0
0
0
0
0
0
0
0
0
0
0
0
0
0
4543.859327
4414.798125
4487.296773
4240.372826
4322.399482
4386.135859
4518.408332
0
0
0
0
0
0
0
0
0
0
0
0
0
0
0
0
0
4574.374057
4228.252838
4036.935835
4040.868313
4029.10484
4262.95425
4057.316196
0
0
0
0
0
0
0
0
0
0
0
0
0
0
0
0
0
3950.995765
3898.070546
4124.888518
4067.976633
3987.55726
4223.874421
4258.817935
0
0
0
0
0
0
0
0
0
0
0
0
0
0
0
0
0
4255.036019
3877.168045
4220.20867
4030.66141
4126.590588
4072.997959
3891.969952
0
0
0
0
0
0
0
0
0
0
0
0
0
0
0
0
0
3950.610815
4156.720396
4289.296565
4108.385266
3956.962076
4175.762122
4063.367435
0
0
0
0
0
0
0
0
0
0
0
0
0
0
0
0
0
4083.145081
4064.2122
3787.069486
3775.954158
3687.459727
3813.155565
3853.710681
0
0
0
0
0
0
0
0
0
0
0
0
0
0
0
0
0
3756.543545
3900.139117
4496.031259
4478.815816
4547.057245
4409.737817
4408.093296
0
0
0
0
0
0
0
0
0
0
0
0
0
0
0
0
0
4491.204263
4321.36779
4874.866361
4911.555456
5004.064795
4843.625219
4468.04392
0
0
0
0
0
0
0
0
0
0
0
0
0
0
0
0
0
4966.796105
4906.731773
4005.68211
4066.422926
4078.998448
4085.188473
3972.949142
0
0
0
0
0
0
0
0
0
0
0
0
0
0
0
0
0
4056.410517
4045.325339
3695.206002
3747.0193
3706.424133
3872.849457
3605.001639
0
0
0
0
0
0
0
0
0
0
0
0
0
0
0
0
0
3597.117094
3594.323551
3662.875472
3568.806905
3610.303945
3484.254306
3736.772829
0
0
0
0
0
0
0
0
0
0
0
0
0
0
0
0
0
3635.47539
3607.606885
3872.714413
3935.709797
3810.641624
4165.392948
4051.499308
0
0
0
0
0
0
0
0
0
0
0
0
0
0
0
0
0
3847.669947
3589.919686
3749.165154
3979.555724
3786.204646
3656.65997
3935.301534
0
0
0
0
0
0
0
0
0
0
0
0
0
0
0
0
0
3818.150257
3869.885174
4310.467173
4236.421026
4379.137023
4334.123004
4363.262041
0
0
0
0
0
0
0
0
0
0
0
0
0
0
0
0
0
4450.840206
3912.15842
3731.770941
3693.356808
3838.199275
3957.506887
3705.159196
0
0
0
0
0
0
0
0
0
0
0
0
0
0
0
0
0
3852.322007
3696.899666
4068.18125
3957.451723
3972.842834
3968.708779
3991.545247
0
0
0
0
0
0
0
0
0
0
0
0
0
0
0
0
0
4108.583245
3974.673011
3332.661897
3364.86304
3477.129334
3369.581532
3389.881821
0
0
0
0
0
0
0
0
0
0
0
0
0
0
0
0
0
3394.520502
3177.815643
4024.545406
4103.069309
3972.63395
4036.152105
4001.006113
0
0
0
0
0
0
0
0
0
0
0
0
0
0
0
0
0
4039.222498
4131.91199
4063.331588
4130.752266
4060.178607
4138.218478
4025.324163
0
0
0
0
0
0
0
0
0
0
0
0
0
0
0
0
0
4077.078594
3936.118701
3572.733431
3785.131954
3663.844996
3818.23044
3809.034171
0
0
0
0
0
0
0
0
0
0
0
0
0
0
0
0
0
3748.777069
3479.536296
4077.933582
4004.746003
3972.644709
3948.117397
3951.033869
0
0
0
0
0
0
0
0
0
0
0
0
0
0
0
0
0
3835.221135
3909.455378
4217.355011
4251.88986
4489.126685
4324.642863
4377.677495
0
0
0
0
0
0
0
0
0
0
0
0
0
0
0
0
0
4168.045013
4391.566374
4081.919014
4094.932101
3890.781397
4003.076169
3923.586118
0
0
0
0
0
0
0
0
0
0
0
0
0
0
0
0
0
4083.100453
3885.932888
3847.5461
4036.59423
4381.673313
4047.136707
4306.879931
0
0
0
0
0
0
0
0
0
0
0
0
0
0
0
0
0
4127.057627
4104.400618
3748.354586
3708.299826
3693.68018
3747.156185
3749.055984
0
0
0
0
0
0
0
0
0
0
0
0
0
0
0
0
0
3555.414572
3826.305816
4528.279095
4511.030868
4098.446775
4495.359558
4306.669515
0
0
0
0
0
0
0
0
0
0
0
0
0
0
0
0
0
4502.912406
4414.045714
4015.103997
4094.709817
3972.585215
4196.355981
4128.213253
0
0
0
0
0
0
0
0
0
0
0
0
0
0
0
0
0
4178.167447
4196.575096
3893.53042
4065.146191
3960.571105
3993.335623
4167.054443
0
0
0
0
0
0
0
0
0
0
0
0
0
0
0
0
0
3938.17127
4025.309373
3861.430578
3693.327174
3879.023053
3775.368951
3798.396735
0
0
0
0
0
0
0
0
0
0
0
0
0
0
0
0
0
3992.034271
3908.814532
3650.828813
3565.00537
3641.055809
3787.77656
3533.105136
0
0
0
0
0
0
0
0
0
0
0
0
0
0
0
0
0
3636.368814
3684.570522
4030.069902
4124.684329
4191.407448
3950.359287
4131.184354
0
0
0
0
0
0
0
0
0
0
0
0
0
0
0
0
0
4171.37173
4090.306694
4087.705538
4080.171953
4166.459246
3982.562069
3954.160055
0
0
0
0
0
0
0
0
0
0
0
0
0
0
0
0
0
4057.0706
4163.687596
4301.529874
4310.417644
4342.115793
4127.795285
4383.416806
0
0
0
0
0
0
0
0
0
0
0
0
0
0
0
0
0
4096.361721
4577.709297
4140.75823
4051.738014
4291.615988
4313.414803
4039.391522
0
0
0
0
0
0
0
0
0
0
0
0
0
0
0
0
0
3967.533216
4159.642383
4152.008297
4062.910985
4148.731225
4052.363466
4204.766964
0
0
0
0
0
0
0
0
0
0
0
0
0
0
0
0
0
4086.229296
4075.493993
4362.622934
4501.713717
4455.089356
4269.302599
4657.615724
0
0
0
0
0
0
0
0
0
0
0
0
0
0
0
0
0
4489.270035
4565.538476
3373.943936
3391.028205
3437.919133
3250.35919
3509.976832
0
0
0
0
0
0
0
0
0
0
0
0
0
0
0
0
0
3361.618881
3576.66736
